500 365 1 247 
-1 
-1 
232 -1 
56 238 -1 
51 -1 
-1 
334 -1 
102 285 -1 
-1 
344 -1 
237 -1 
78 -1 
162 248 -1 
-1 
-1 
91 -1 
-1 
266 349 -1 
-1 
302 -1 
44 189 287 -1 
253 -1 
-1 
98 190 -1 
133 -1 
181 -1 
93 165 -1 
209 -1 
293 -1 
199 323 -1 
-1 
324 -1 
-1 
21 -1 
-1 
-1 
-1 
173 -1 
-1 
310 -1 
-1 
-1 
206 243 -1 
-1 
-1 
171 -1 
300 -1 
-1 
-1 
-1 
-1 
-1 
137 -1 
-1 
-1 
-1 
-1 
-1 
62 94 127 -1 
-1 
38 195 -1 
-1 
-1 
246 -1 
-1 
-1 
234 -1 
-1 
361 -1 
96 -1 
20 -1 
86 -1 
-1 
-1 
-1 
-1 
-1 
80 -1 
-1 
-1 
31 178 -1 
-1 
284 -1 
19 53 63 100 -1 
120 -1 
-1 
-1 
118 -1 
-1 
-1 
-1 
82 -1 
177 -1 
64 339 -1 
229 -1 
241 251 -1 
331 337 -1 
196 213 -1 
-1 
200 -1 
-1 
-1 
-1 
-1 
-1 
164 -1 
-1 
-1 
282 -1 
37 49 -1 
-1 
-1 
23 -1 
136 -1 
68 -1 
-1 
3 -1 
-1 
-1 
186 239 -1 
-1 
-1 
121 129 187 -1 
103 -1 
341 -1 
-1 
245 -1 
-1 
119 -1 
183 201 316 -1 
236 -1 
-1 
191 -1 
-1 
75 -1 
-1 
-1 
-1 
-1 
228 -1 
-1 
43 -1 
65 -1 
2 -1 
363 -1 
73 205 -1 
322 -1 
221 -1 
204 -1 
-1 
-1 
180 -1 
185 -1 
-1 
9 70 97 -1 
-1 
-1 
13 365 -1 
250 -1 
326 -1 
106 -1 
-1 
-1 
28 352 -1 
163 -1 
-1 
240 -1 
134 348 -1 
149 -1 
-1 
358 -1 
153 -1 
-1 
-1 
-1 
-1 
-1 
-1 
214 -1 
-1 
-1 
-1 
-1 
-1 
-1 
273 -1 
-1 
144 338 -1 
-1 
255 -1 
-1 
-1 
115 192 -1 
55 -1 
-1 
345 -1 
142 -1 
74 -1 
-1 
151 -1 
-1 
33 306 -1 
-1 
216 -1 
-1 
45 -1 
215 -1 
-1 
254 294 -1 
29 175 -1 
-1 
-1 
-1 
-1 
-1 
46 182 -1 
-1 
166 -1 
24 194 362 -1 
207 -1 
169 -1 
279 -1 
-1 
-1 
-1 
-1 
-1 
10 -1 
113 -1 
69 87 197 219 224 -1 
-1 
-1 
111 329 -1 
-1 
230 -1 
-1 
50 156 -1 
274 -1 
159 -1 
270 -1 
107 188 -1 
-1 
-1 
-1 
-1 
-1 
355 -1 
-1 
-1 
-1 
-1 
258 -1 
281 -1 
6 -1 
76 -1 
-1 
90 307 -1 
30 -1 
138 -1 
17 -1 
-1 
128 -1 
-1 
210 314 -1 
-1 
99 278 298 -1 
-1 
-1 
-1 
-1 
256 263 -1 
-1 
174 259 -1 
-1 
-1 
-1 
-1 
170 265 -1 
202 -1 
-1 
157 -1 
233 -1 
122 317 -1 
-1 
158 -1 
-1 
26 176 -1 
-1 
-1 
117 -1 
109 184 -1 
67 -1 
95 212 292 -1 
319 -1 
131 -1 
277 -1 
-1 
-1 
54 147 -1 
-1 
-1 
-1 
-1 
-1 
81 139 -1 
-1 
18 -1 
-1 
-1 
-1 
-1 
-1 
79 -1 
40 -1 
11 -1 
-1 
14 -1 
356 -1 
-1 
313 318 -1 
260 -1 
-1 
290 -1 
92 -1 
132 336 -1 
77 -1 
35 226 -1 
110 -1 
60 -1 
-1 
350 -1 
-1 
-1 
309 -1 
-1 
89 -1 
-1 
141 -1 
-1 
-1 
-1 
320 -1 
-1 
-1 
-1 
-1 
-1 
-1 
261 -1 
-1 
167 225 -1 
-1 
105 143 145 150 -1 
61 297 333 -1 
116 -1 
-1 
340 -1 
-1 
-1 
271 -1 
-1 
168 311 -1 
-1 
295 301 -1 
135 -1 
286 -1 
296 -1 
360 -1 
283 -1 
-1 
27 -1 
114 218 -1 
155 179 325 -1 
34 217 -1 
-1 
343 -1 
-1 
299 -1 
22 83 -1 
-1 
126 -1 
-1 
220 -1 
-1 
-1 
146 235 -1 
-1 
-1 
25 262 -1 
267 -1 
84 315 -1 
48 -1 
351 -1 
-1 
59 -1 
112 -1 
130 -1 
249 -1 
-1 
-1 
-1 
-1 
-1 
32 -1 
-1 
-1 
208 -1 
-1 
41 198 -1 
-1 
257 -1 
359 -1 
269 -1 
-1 
71 72 330 -1 
36 275 -1 
305 -1 
-1 
-1 
-1 
289 328 -1 
312 364 -1 
52 161 -1 
-1 
-1 
148 354 -1 
222 -1 
193 -1 
154 -1 
321 -1 
39 335 -1 
-1 
-1 
-1 
-1 
332 -1 
123 -1 
-1 
5 252 -1 
160 203 -1 
-1 
-1 
-1 
357 -1 
57 -1 
264 -1 
353 -1 
291 -1 
276 347 -1 
-1 
-1 
101 104 -1 
-1 
227 -1 
-1 
-1 
-1 
-1 
-1 
-1 
-1 
-1 
47 -1 
247 -1 
-1 
66 280 346 -1 
-1 
211 -1 
303 -1 
-1 
4 85 -1 
-1 
304 -1 
16 125 -1 
8 88 -1 
-1 
-1 
308 -1 
172 -1 
-1 
124 -1 
58 -1 
342 -1 
15 140 -1 
-1 
-1 
12 288 327 -1 
108 -1 
152 223 -1 
-1 
231 268 272 -1 
-1 
-1 
-1 
7 242 -1 
244 -1 
42 -1 
-1 
-1 
-1 
