600 365 1 300 
341 -1 
248 -1 
-1 
-1 
-1 
155 -1 
-1 
-1 
117 -1 
179 -1 
-1 
-1 
121 -1 
123 161 -1 
247 -1 
107 -1 
-1 
-1 
-1 
-1 
207 -1 
358 -1 
-1 
-1 
-1 
-1 
25 -1 
269 -1 
280 -1 
-1 
293 -1 
-1 
-1 
95 168 300 -1 
158 -1 
330 -1 
-1 
-1 
-1 
298 -1 
-1 
-1 
287 -1 
-1 
-1 
67 -1 
-1 
-1 
35 -1 
205 -1 
-1 
-1 
356 -1 
39 281 302 331 -1 
-1 
-1 
-1 
16 253 -1 
-1 
-1 
-1 
349 -1 
256 -1 
-1 
94 -1 
-1 
-1 
-1 
286 -1 
120 -1 
-1 
-1 
223 -1 
-1 
-1 
201 -1 
188 -1 
-1 
-1 
203 -1 
78 -1 
-1 
143 360 -1 
-1 
-1 
-1 
-1 
-1 
308 -1 
-1 
-1 
-1 
119 -1 
227 -1 
230 -1 
240 -1 
-1 
-1 
213 -1 
189 -1 
105 -1 
50 -1 
-1 
-1 
90 -1 
345 -1 
48 199 303 -1 
180 -1 
-1 
259 339 343 -1 
162 -1 
-1 
-1 
-1 
66 -1 
333 -1 
-1 
-1 
283 -1 
33 172 -1 
46 -1 
-1 
-1 
-1 
75 -1 
36 -1 
-1 
40 65 -1 
-1 
82 -1 
56 -1 
-1 
-1 
233 -1 
-1 
174 197 -1 
255 -1 
-1 
169 -1 
-1 
160 344 -1 
290 -1 
-1 
-1 
19 -1 
-1 
-1 
45 -1 
-1 
41 325 -1 
-1 
118 -1 
273 -1 
-1 
3 -1 
-1 
-1 
-1 
175 -1 
68 231 -1 
264 -1 
-1 
-1 
-1 
-1 
-1 
-1 
8 -1 
70 85 -1 
-1 
-1 
12 54 -1 
-1 
-1 
103 216 -1 
-1 
-1 
10 111 -1 
265 353 -1 
-1 
-1 
-1 
-1 
-1 
-1 
38 -1 
347 364 -1 
-1 
220 -1 
258 -1 
271 -1 
-1 
-1 
11 -1 
115 190 193 -1 
-1 
268 -1 
-1 
116 144 -1 
81 -1 
245 -1 
183 313 -1 
-1 
129 -1 
165 -1 
-1 
167 352 -1 
-1 
79 -1 
52 -1 
-1 
-1 
13 306 -1 
-1 
-1 
289 328 -1 
-1 
-1 
-1 
-1 
-1 
124 -1 
64 194 -1 
109 187 191 -1 
-1 
-1 
232 -1 
-1 
-1 
270 -1 
152 215 -1 
-1 
130 272 -1 
342 -1 
-1 
-1 
-1 
-1 
224 361 -1 
-1 
-1 
15 156 -1 
257 -1 
-1 
-1 
74 -1 
-1 
-1 
-1 
-1 
55 -1 
-1 
214 -1 
217 -1 
-1 
60 -1 
-1 
-1 
-1 
-1 
142 -1 
-1 
-1 
-1 
-1 
-1 
134 291 324 -1 
61 -1 
-1 
5 -1 
-1 
-1 
314 -1 
96 332 -1 
348 -1 
-1 
14 -1 
219 239 -1 
23 76 153 -1 
-1 
-1 
315 -1 
252 -1 
28 340 -1 
159 309 -1 
282 -1 
-1 
-1 
-1 
-1 
164 -1 
-1 
73 -1 
37 150 171 -1 
17 -1 
151 251 -1 
-1 
-1 
350 -1 
-1 
243 -1 
-1 
113 211 -1 
246 -1 
-1 
34 -1 
242 -1 
-1 
-1 
305 -1 
100 -1 
-1 
135 327 -1 
-1 
126 218 -1 
-1 
-1 
43 210 -1 
146 -1 
192 -1 
-1 
237 -1 
-1 
-1 
2 -1 
317 357 -1 
323 -1 
-1 
178 184 -1 
261 -1 
279 -1 
-1 
238 338 -1 
-1 
-1 
-1 
69 -1 
83 -1 
285 -1 
86 -1 
-1 
208 329 -1 
-1 
59 -1 
-1 
-1 
-1 
122 -1 
44 -1 
18 110 -1 
-1 
-1 
170 -1 
29 31 -1 
102 -1 
297 -1 
26 136 -1 
-1 
316 -1 
-1 
-1 
-1 
-1 
173 -1 
93 -1 
196 -1 
176 -1 
202 226 -1 
-1 
-1 
53 204 -1 
262 -1 
112 -1 
-1 
98 -1 
-1 
127 -1 
-1 
-1 
-1 
-1 
104 -1 
277 -1 
-1 
-1 
24 235 351 -1 
-1 
154 -1 
-1 
-1 
-1 
91 296 320 -1 
275 365 -1 
87 -1 
-1 
288 -1 
-1 
58 -1 
-1 
311 -1 
-1 
301 -1 
-1 
-1 
299 -1 
-1 
-1 
-1 
47 318 -1 
-1 
-1 
-1 
-1 
-1 
128 244 -1 
114 195 -1 
140 -1 
-1 
22 -1 
-1 
-1 
-1 
-1 
-1 
-1 
133 148 -1 
225 -1 
334 -1 
185 -1 
263 -1 
-1 
92 -1 
234 -1 
-1 
-1 
310 -1 
249 -1 
20 -1 
141 -1 
49 163 -1 
145 -1 
241 -1 
209 -1 
-1 
88 -1 
-1 
-1 
-1 
138 250 -1 
-1 
-1 
284 -1 
-1 
-1 
-1 
-1 
-1 
57 -1 
-1 
182 -1 
-1 
-1 
326 -1 
7 -1 
30 -1 
-1 
-1 
-1 
-1 
-1 
-1 
-1 
80 335 -1 
-1 
27 -1 
149 -1 
-1 
-1 
-1 
200 319 -1 
72 -1 
-1 
-1 
137 -1 
51 198 -1 
-1 
-1 
222 -1 
42 -1 
292 -1 
-1 
-1 
166 307 -1 
125 362 -1 
-1 
77 -1 
-1 
-1 
-1 
101 266 -1 
-1 
363 -1 
186 -1 
304 -1 
6 -1 
-1 
-1 
-1 
84 -1 
-1 
-1 
-1 
-1 
-1 
346 -1 
-1 
106 131 -1 
276 322 -1 
-1 
132 157 -1 
-1 
-1 
228 359 -1 
-1 
99 206 -1 
212 -1 
-1 
-1 
62 354 -1 
274 -1 
-1 
-1 
-1 
-1 
21 -1 
-1 
321 -1 
-1 
-1 
-1 
-1 
-1 
355 -1 
4 -1 
-1 
-1 
-1 
-1 
-1 
-1 
-1 
260 -1 
-1 
-1 
-1 
-1 
147 -1 
-1 
-1 
-1 
-1 
181 267 -1 
-1 
-1 
-1 
63 254 -1 
-1 
-1 
-1 
336 -1 
-1 
71 -1 
-1 
97 -1 
-1 
-1 
-1 
-1 
-1 
-1 
-1 
9 229 295 -1 
236 -1 
139 -1 
-1 
-1 
221 312 -1 
108 -1 
-1 
-1 
-1 
-1 
-1 
177 -1 
-1 
337 -1 
278 294 -1 
-1 
89 -1 
32 -1 
