800 365 1 396 
117 -1 
-1 
-1 
-1 
177 188 -1 
-1 
-1 
-1 
-1 
185 220 -1 
-1 
-1 
141 -1 
-1 
-1 
26 327 -1 
-1 
55 -1 
-1 
-1 
-1 
-1 
-1 
266 -1 
237 -1 
-1 
-1 
21 258 -1 
156 -1 
-1 
-1 
-1 
-1 
77 -1 
165 -1 
-1 
-1 
-1 
328 -1 
-1 
-1 
-1 
130 -1 
321 -1 
-1 
-1 
196 -1 
329 -1 
-1 
-1 
-1 
238 287 -1 
-1 
-1 
18 -1 
-1 
-1 
281 -1 
211 -1 
-1 
-1 
-1 
-1 
38 -1 
-1 
-1 
-1 
-1 
110 -1 
-1 
-1 
-1 
64 122 -1 
-1 
-1 
-1 
91 147 -1 
232 -1 
-1 
-1 
-1 
228 -1 
-1 
179 349 -1 
-1 
-1 
348 -1 
-1 
-1 
17 -1 
-1 
-1 
5 -1 
273 -1 
74 -1 
-1 
268 -1 
103 -1 
-1 
-1 
230 -1 
-1 
-1 
-1 
-1 
-1 
224 -1 
226 -1 
-1 
306 -1 
-1 
-1 
357 -1 
-1 
358 -1 
-1 
210 -1 
-1 
-1 
187 -1 
-1 
170 340 -1 
-1 
-1 
-1 
145 -1 
-1 
-1 
150 307 345 -1 
-1 
-1 
-1 
355 359 -1 
248 -1 
-1 
155 -1 
-1 
-1 
114 -1 
-1 
280 -1 
-1 
-1 
-1 
204 -1 
-1 
-1 
8 -1 
-1 
102 -1 
212 -1 
-1 
-1 
-1 
-1 
-1 
-1 
-1 
-1 
-1 
303 -1 
240 -1 
-1 
-1 
-1 
-1 
-1 
-1 
-1 
-1 
-1 
-1 
-1 
-1 
-1 
-1 
200 -1 
-1 
-1 
120 292 -1 
-1 
221 -1 
-1 
-1 
316 -1 
183 -1 
-1 
-1 
-1 
-1 
-1 
-1 
-1 
-1 
-1 
-1 
-1 
-1 
60 227 -1 
-1 
-1 
174 -1 
-1 
262 -1 
-1 
-1 
-1 
-1 
-1 
-1 
-1 
4 -1 
336 -1 
67 -1 
-1 
-1 
291 -1 
-1 
189 -1 
33 -1 
-1 
-1 
172 254 -1 
-1 
-1 
282 -1 
-1 
-1 
-1 
164 -1 
-1 
323 -1 
-1 
125 -1 
-1 
337 -1 
250 -1 
301 -1 
-1 
343 -1 
-1 
-1 
191 -1 
42 48 -1 
190 -1 
34 308 -1 
30 63 -1 
41 -1 
25 -1 
-1 
-1 
-1 
335 -1 
15 -1 
161 356 -1 
-1 
-1 
65 -1 
108 167 -1 
-1 
-1 
37 -1 
95 -1 
-1 
40 -1 
144 -1 
-1 
362 -1 
-1 
-1 
-1 
-1 
-1 
225 -1 
71 -1 
-1 
-1 
-1 
121 -1 
299 -1 
247 -1 
-1 
116 -1 
119 -1 
-1 
135 -1 
-1 
-1 
118 166 -1 
-1 
-1 
92 -1 
-1 
198 304 -1 
-1 
300 -1 
-1 
79 -1 
-1 
-1 
-1 
-1 
-1 
-1 
124 -1 
199 -1 
-1 
-1 
-1 
-1 
-1 
-1 
-1 
-1 
169 -1 
19 47 -1 
-1 
-1 
-1 
-1 
143 242 -1 
270 -1 
236 -1 
-1 
140 -1 
-1 
-1 
171 215 -1 
31 -1 
-1 
-1 
239 -1 
354 -1 
112 -1 
28 333 -1 
113 -1 
58 -1 
-1 
-1 
-1 
-1 
-1 
274 -1 
-1 
-1 
193 -1 
285 -1 
-1 
70 -1 
-1 
-1 
-1 
-1 
255 -1 
-1 
-1 
-1 
-1 
-1 
-1 
-1 
-1 
233 -1 
-1 
126 312 -1 
-1 
-1 
-1 
-1 
-1 
51 -1 
69 -1 
-1 
275 -1 
-1 
-1 
-1 
-1 
-1 
341 -1 
137 -1 
-1 
-1 
-1 
-1 
-1 
-1 
-1 
13 -1 
-1 
-1 
-1 
-1 
-1 
24 264 -1 
-1 
-1 
-1 
-1 
152 330 -1 
-1 
-1 
334 -1 
-1 
288 -1 
-1 
-1 
186 251 -1 
-1 
-1 
39 213 -1 
72 -1 
-1 
-1 
-1 
-1 
-1 
-1 
-1 
-1 
138 -1 
46 -1 
-1 
-1 
-1 
229 -1 
295 -1 
146 223 -1 
-1 
-1 
245 -1 
163 -1 
96 -1 
133 -1 
208 326 -1 
263 -1 
-1 
44 139 -1 
20 -1 
-1 
11 -1 
-1 
-1 
32 -1 
-1 
-1 
-1 
-1 
260 -1 
313 -1 
-1 
-1 
181 -1 
-1 
-1 
-1 
344 -1 
6 88 364 -1 
-1 
-1 
149 -1 
-1 
-1 
353 -1 
178 298 -1 
-1 
104 -1 
9 53 -1 
-1 
-1 
-1 
-1 
-1 
-1 
352 -1 
-1 
244 -1 
-1 
-1 
-1 
296 317 -1 
-1 
-1 
-1 
-1 
-1 
-1 
-1 
159 314 -1 
-1 
-1 
-1 
-1 
-1 
7 -1 
-1 
98 -1 
-1 
-1 
52 -1 
-1 
97 342 -1 
-1 
123 129 -1 
-1 
279 -1 
-1 
324 -1 
-1 
207 -1 
216 -1 
-1 
-1 
168 252 -1 
136 182 -1 
-1 
49 -1 
56 -1 
-1 
115 -1 
-1 
100 -1 
-1 
-1 
-1 
-1 
-1 
-1 
-1 
-1 
-1 
-1 
142 -1 
-1 
271 -1 
109 284 -1 
-1 
85 -1 
-1 
-1 
-1 
290 -1 
235 -1 
61 -1 
-1 
-1 
-1 
-1 
43 -1 
-1 
202 -1 
175 -1 
180 -1 
231 320 -1 
-1 
297 -1 
-1 
-1 
311 -1 
14 -1 
-1 
-1 
310 -1 
76 339 -1 
-1 
276 -1 
-1 
-1 
-1 
-1 
360 361 -1 
-1 
-1 
283 -1 
265 -1 
-1 
154 -1 
315 -1 
-1 
201 319 -1 
-1 
-1 
23 209 -1 
134 -1 
-1 
-1 
-1 
203 -1 
-1 
-1 
-1 
93 -1 
162 -1 
-1 
-1 
-1 
128 197 259 -1 
-1 
-1 
-1 
83 -1 
289 -1 
-1 
-1 
-1 
-1 
-1 
351 -1 
16 -1 
-1 
160 -1 
-1 
-1 
-1 
-1 
-1 
57 293 -1 
-1 
-1 
-1 
-1 
-1 
-1 
-1 
127 -1 
-1 
22 -1 
-1 
-1 
194 -1 
-1 
35 -1 
3 87 -1 
218 -1 
-1 
-1 
-1 
243 -1 
157 -1 
-1 
278 -1 
-1 
-1 
-1 
-1 
132 217 -1 
-1 
-1 
50 -1 
-1 
347 -1 
325 338 -1 
-1 
-1 
-1 
66 -1 
-1 
84 -1 
-1 
-1 
-1 
27 -1 
106 -1 
153 -1 
322 -1 
-1 
-1 
151 -1 
-1 
-1 
-1 
-1 
-1 
267 -1 
-1 
-1 
80 -1 
-1 
94 -1 
2 206 -1 
-1 
-1 
365 -1 
89 -1 
-1 
246 294 -1 
253 -1 
-1 
-1 
54 -1 
350 -1 
-1 
-1 
-1 
-1 
-1 
-1 
-1 
131 -1 
-1 
-1 
-1 
-1 
363 -1 
-1 
269 -1 
-1 
-1 
-1 
-1 
-1 
176 -1 
-1 
-1 
-1 
-1 
302 -1 
68 148 -1 
-1 
-1 
173 -1 
-1 
-1 
318 -1 
-1 
-1 
36 -1 
-1 
105 -1 
12 -1 
99 107 222 309 332 -1 
78 -1 
82 214 -1 
-1 
-1 
-1 
-1 
-1 
-1 
-1 
205 -1 
305 -1 
-1 
-1 
-1 
241 -1 
-1 
29 -1 
90 -1 
-1 
-1 
256 -1 
-1 
-1 
261 -1 
-1 
277 -1 
-1 
73 -1 
62 257 -1 
219 -1 
-1 
-1 
75 -1 
101 -1 
-1 
-1 
45 86 111 184 -1 
-1 
59 -1 
81 331 -1 
-1 
-1 
-1 
-1 
286 -1 
192 -1 
-1 
-1 
249 -1 
-1 
195 -1 
-1 
-1 
158 -1 
-1 
-1 
-1 
346 -1 
234 -1 
-1 
-1 
-1 
-1 
10 -1 
-1 
272 -1 
-1 
-1 
-1 
