110 30 1 52 
21 -1 
-1 
-1 
-1 
-1 
-1 
-1 
-1 
-1 
10 -1 
-1 
-1 
2 25 -1 
-1 
-1 
-1 
15 -1 
-1 
-1 
-1 
-1 
-1 
8 -1 
-1 
-1 
-1 
6 22 -1 
-1 
-1 
24 -1 
-1 
-1 
-1 
-1 
20 -1 
-1 
-1 
-1 
-1 
-1 
27 -1 
3 -1 
-1 
-1 
-1 
-1 
-1 
19 -1 
-1 
-1 
-1 
-1 
29 30 -1 
-1 
-1 
-1 
-1 
28 -1 
-1 
-1 
-1 
-1 
-1 
-1 
11 -1 
-1 
-1 
4 -1 
5 7 18 -1 
16 -1 
-1 
-1 
14 -1 
-1 
-1 
13 -1 
-1 
-1 
-1 
-1 
26 -1 
-1 
17 -1 
-1 
-1 
23 -1 
-1 
-1 
-1 
-1 
-1 
-1 
-1 
-1 
-1 
-1 
12 -1 
-1 
-1 
-1 
-1 
-1 
-1 
-1 
-1 
-1 
9 -1 
-1 
-1 
-1 
