120 30 1 58 
-1 
-1 
-1 
-1 
-1 
-1 
29 -1 
-1 
-1 
-1 
-1 
-1 
-1 
-1 
-1 
-1 
4 -1 
-1 
-1 
-1 
12 -1 
-1 
-1 
-1 
-1 
-1 
11 -1 
6 -1 
-1 
-1 
-1 
-1 
-1 
5 -1 
-1 
3 20 -1 
-1 
-1 
2 -1 
-1 
-1 
24 -1 
-1 
-1 
-1 
17 -1 
-1 
-1 
-1 
-1 
-1 
9 -1 
-1 
-1 
-1 
-1 
-1 
-1 
-1 
-1 
-1 
-1 
-1 
-1 
-1 
18 -1 
21 -1 
30 -1 
23 -1 
28 -1 
-1 
-1 
-1 
-1 
25 -1 
-1 
26 -1 
-1 
-1 
-1 
22 -1 
15 16 -1 
-1 
-1 
-1 
-1 
-1 
-1 
-1 
-1 
-1 
-1 
-1 
-1 
-1 
-1 
7 10 19 -1 
14 -1 
-1 
-1 
-1 
-1 
-1 
-1 
-1 
-1 
13 -1 
-1 
-1 
-1 
27 -1 
-1 
-1 
-1 
-1 
-1 
-1 
8 -1 
-1 
-1 
