90 180 1 44 
100 138 -1 
-1 
58 124 152 -1 
156 -1 
8 129 -1 
2 12 39 55 121 -1 
95 -1 
18 -1 
15 70 -1 
-1 
81 134 145 -1 
37 96 -1 
74 -1 
105 -1 
120 160 -1 
86 88 179 -1 
83 122 -1 
98 -1 
-1 
6 26 36 111 -1 
126 -1 
24 -1 
22 50 75 118 -1 
151 -1 
-1 
43 -1 
41 147 170 -1 
13 46 51 104 -1 
-1 
-1 
56 133 154 -1 
35 48 67 150 -1 
110 -1 
135 173 175 -1 
4 28 80 -1 
-1 
116 -1 
17 -1 
-1 
103 106 -1 
169 -1 
-1 
25 148 -1 
-1 
9 38 93 -1 
102 174 -1 
19 34 -1 
53 85 155 -1 
-1 
45 63 -1 
87 136 -1 
57 68 -1 
32 89 107 119 -1 
69 79 172 -1 
90 146 -1 
-1 
14 59 73 94 144 -1 
3 33 -1 
27 40 117 143 -1 
139 168 -1 
16 60 141 -1 
49 -1 
5 31 72 78 -1 
180 -1 
47 91 -1 
-1 
114 -1 
128 -1 
-1 
112 163 177 -1 
29 84 149 157 171 -1 
30 -1 
54 61 99 113 153 -1 
11 109 167 178 -1 
44 127 176 -1 
115 -1 
-1 
20 62 137 -1 
142 -1 
66 -1 
7 97 166 -1 
77 132 140 -1 
71 158 -1 
10 101 165 -1 
76 131 161 -1 
92 159 -1 
21 64 130 -1 
42 -1 
23 52 65 108 123 125 162 164 -1 
82 -1 
