20 180 1 10 
9 29 45 55 78 91 136 148 161 -1 
21 100 112 131 -1 
60 65 93 141 143 -1 
14 36 50 56 80 81 82 98 125 154 159 160 -1 
63 72 99 113 123 142 146 162 171 175 -1 
15 41 84 117 135 169 -1 
4 7 32 43 54 70 130 140 153 155 172 176 -1 
2 19 25 88 174 -1 
12 46 64 96 132 134 -1 
16 27 106 137 152 -1 
3 22 37 83 86 147 150 -1 
5 6 26 28 48 49 52 57 61 67 101 103 109 111 126 -1 
13 30 69 89 105 119 157 168 -1 
11 23 40 53 97 114 127 138 177 -1 
35 38 165 167 -1 
24 44 58 66 102 104 107 115 120 128 149 151 -1 
10 20 47 62 108 121 122 129 145 158 166 173 -1 
8 17 33 42 51 59 79 87 92 116 124 156 163 170 -1 
18 34 39 68 71 73 74 75 94 118 133 139 144 178 179 180 -1 
31 76 77 85 90 95 110 164 -1 
