18 180 1 8 
11 27 63 66 78 93 108 121 131 174 180 -1 
37 39 59 72 87 104 111 -1 
4 8 9 12 19 48 49 52 75 96 157 -1 
2 57 70 73 79 80 83 101 139 148 150 154 155 161 173 175 178 -1 
54 64 65 114 116 127 129 -1 
3 10 15 18 20 34 44 45 58 61 77 107 109 143 149 159 167 177 -1 
16 51 53 62 69 94 117 118 169 171 -1 
13 21 67 84 89 97 144 147 162 -1 
14 17 22 24 32 40 43 81 100 102 137 145 -1 
30 95 110 119 138 140 151 158 165 -1 
41 47 56 68 76 91 99 106 113 128 132 133 146 166 168 -1 
60 82 120 122 153 176 -1 
7 31 36 74 92 103 123 130 136 156 172 -1 
28 29 88 98 115 124 126 164 -1 
26 42 55 105 112 -1 
5 23 35 141 152 160 163 -1 
33 85 125 134 170 -1 
6 25 38 46 50 71 86 90 135 142 179 -1 
