86 180 1 42 
-1 
-1 
52 -1 
75 165 -1 
32 -1 
140 -1 
3 79 -1 
-1 
29 74 128 -1 
9 19 167 -1 
-1 
41 67 -1 
-1 
-1 
105 108 176 -1 
6 16 54 88 120 -1 
100 -1 
119 134 -1 
89 112 -1 
15 158 -1 
121 139 148 179 -1 
104 -1 
28 53 107 149 -1 
66 127 -1 
123 136 -1 
13 178 -1 
49 82 144 170 -1 
12 38 40 147 -1 
25 102 106 -1 
5 -1 
48 63 -1 
4 151 -1 
2 73 91 96 -1 
44 116 124 125 162 -1 
70 143 -1 
87 93 -1 
31 34 -1 
39 -1 
30 69 -1 
71 81 -1 
60 138 -1 
-1 
21 -1 
145 -1 
10 172 -1 
22 129 -1 
24 47 84 109 -1 
37 57 97 142 157 161 169 -1 
99 175 -1 
20 -1 
8 14 111 -1 
36 -1 
11 83 103 133 141 152 -1 
51 153 -1 
55 85 -1 
72 150 -1 
101 146 -1 
43 80 115 156 166 -1 
95 110 177 -1 
174 -1 
23 86 -1 
26 159 -1 
58 68 90 163 -1 
171 -1 
50 164 -1 
126 154 155 -1 
18 78 -1 
-1 
117 -1 
17 114 160 -1 
135 137 -1 
65 -1 
46 -1 
122 -1 
-1 
61 168 -1 
118 -1 
42 56 59 92 130 132 -1 
77 -1 
7 -1 
-1 
35 45 64 76 173 -1 
62 94 131 -1 
33 98 180 -1 
113 -1 
27 -1 
