80 180 1 40 
100 -1 
2 158 -1 
139 -1 
62 150 -1 
27 32 -1 
35 45 -1 
10 56 94 101 108 -1 
-1 
96 98 163 180 -1 
83 104 151 -1 
33 64 68 93 178 -1 
88 -1 
43 47 -1 
106 133 -1 
3 15 20 176 -1 
128 137 -1 
-1 
79 95 -1 
39 54 99 112 -1 
124 -1 
-1 
25 30 107 -1 
17 120 134 -1 
89 129 -1 
7 119 174 175 179 -1 
147 -1 
21 66 -1 
168 -1 
152 -1 
-1 
34 123 -1 
77 116 118 -1 
40 71 172 -1 
29 -1 
105 142 -1 
86 -1 
46 92 157 -1 
102 121 -1 
155 -1 
26 36 164 177 -1 
49 117 -1 
-1 
19 70 90 130 -1 
48 60 167 169 -1 
18 31 55 -1 
50 160 -1 
14 28 37 42 75 -1 
4 6 111 141 -1 
132 135 -1 
114 154 -1 
-1 
22 41 65 115 162 -1 
38 85 -1 
126 145 -1 
44 74 122 -1 
78 144 -1 
59 -1 
9 171 -1 
125 127 148 -1 
87 146 173 -1 
-1 
58 110 -1 
76 136 -1 
23 57 81 -1 
109 166 -1 
24 -1 
12 131 -1 
13 67 -1 
8 73 -1 
97 -1 
63 103 165 -1 
16 82 156 -1 
91 159 -1 
52 84 -1 
80 143 153 -1 
51 113 -1 
72 138 161 -1 
140 -1 
53 61 69 -1 
5 11 149 170 -1 
