40 180 1 20 
22 24 34 140 175 176 -1 
72 91 121 -1 
41 42 102 118 149 155 160 -1 
11 17 33 38 56 116 -1 
49 67 69 94 -1 
32 92 170 -1 
36 81 180 -1 
65 -1 
21 28 63 70 88 -1 
103 129 -1 
13 93 109 113 117 124 139 166 169 -1 
40 51 57 -1 
59 87 106 132 138 151 178 -1 
37 115 -1 
29 104 -1 
14 48 64 95 156 177 -1 
46 79 89 147 -1 
71 73 107 -1 
8 23 45 61 128 145 146 159 -1 
25 112 120 131 162 -1 
12 53 78 163 -1 
3 39 76 85 96 108 110 -1 
27 47 105 127 -1 
2 35 44 58 137 -1 
16 100 153 167 168 -1 
82 97 119 -1 
31 55 60 171 173 -1 
9 123 152 -1 
7 68 90 126 165 -1 
54 62 154 -1 
66 80 83 86 101 130 133 174 -1 
4 150 -1 
5 19 26 74 136 143 164 -1 
30 43 98 99 144 157 158 -1 
52 77 125 172 -1 
111 135 179 -1 
6 122 161 -1 
10 20 134 141 -1 
75 84 148 -1 
15 18 50 114 142 -1 
