82 180 1 40 
145 165 -1 
46 148 -1 
39 62 175 -1 
42 -1 
43 104 134 160 -1 
24 75 127 -1 
-1 
40 80 -1 
94 -1 
105 121 172 -1 
86 147 167 -1 
-1 
82 83 90 -1 
20 45 91 102 131 -1 
69 -1 
58 118 166 -1 
141 -1 
109 156 -1 
-1 
103 136 151 162 -1 
15 -1 
44 89 178 -1 
11 -1 
124 150 163 -1 
56 117 -1 
71 88 -1 
31 50 -1 
7 14 66 144 180 -1 
49 -1 
64 138 -1 
-1 
19 -1 
22 -1 
85 -1 
28 72 -1 
113 135 -1 
67 106 173 -1 
8 26 53 68 128 -1 
18 76 140 149 -1 
10 96 -1 
87 93 97 110 -1 
25 126 168 171 -1 
16 74 116 -1 
61 169 -1 
65 -1 
51 133 -1 
99 -1 
6 47 70 -1 
35 59 78 174 -1 
98 -1 
29 36 57 101 161 -1 
17 27 154 -1 
34 54 -1 
130 143 -1 
-1 
95 139 155 -1 
142 -1 
158 -1 
-1 
5 108 -1 
77 -1 
115 122 164 -1 
9 30 132 -1 
112 125 157 -1 
-1 
-1 
41 100 120 -1 
4 48 146 -1 
21 23 32 73 84 -1 
12 -1 
2 3 55 137 -1 
111 -1 
-1 
38 -1 
107 152 177 -1 
114 123 129 159 179 -1 
13 -1 
63 81 170 176 -1 
33 -1 
37 153 -1 
60 92 119 -1 
52 79 -1 
