12 180 1 6 
42 64 104 112 135 140 144 150 163 168 169 -1 
2 5 10 12 38 54 65 67 77 102 107 115 137 151 156 166 171 -1 
6 14 68 70 78 81 98 148 149 175 -1 
3 31 33 40 43 45 52 59 72 74 76 85 90 96 99 109 113 125 126 129 131 160 167 -1 
4 26 35 49 82 83 92 106 117 122 127 141 146 -1 
15 21 27 37 55 61 79 111 130 132 136 155 -1 
16 23 30 63 69 94 95 103 118 124 145 159 177 178 -1 
19 36 41 46 47 57 86 88 91 97 101 116 121 133 161 162 164 -1 
11 13 17 22 25 29 80 110 134 143 153 158 176 -1 
8 18 48 56 60 62 73 75 100 108 119 120 123 139 154 165 174 179 180 -1 
9 20 24 28 39 53 71 84 89 105 114 142 157 170 172 -1 
7 32 34 44 50 51 58 66 87 93 128 138 147 152 173 -1 
