16 180 1 8 
7 30 35 51 61 63 116 159 -1 
44 76 88 108 127 131 173 174 -1 
20 26 32 33 68 82 100 118 143 150 156 176 -1 
9 13 22 47 50 58 79 80 83 97 103 114 133 172 178 180 -1 
14 28 37 38 41 87 90 91 98 112 120 167 -1 
49 85 125 137 142 151 177 -1 
19 24 53 56 60 64 65 72 75 99 132 147 154 169 -1 
16 54 66 67 89 101 -1 
40 48 59 70 77 96 105 106 109 123 134 141 148 155 179 -1 
4 11 17 25 74 86 113 126 152 157 171 -1 
2 8 18 21 27 42 52 84 92 93 94 104 110 128 145 160 161 166 -1 
3 10 23 62 69 71 107 111 115 121 129 149 -1 
6 12 31 43 45 73 95 102 117 135 138 140 144 165 -1 
34 46 57 81 124 136 146 162 163 168 -1 
5 29 36 39 119 139 158 170 175 -1 
15 55 78 122 130 153 164 -1 
