34 180 1 16 
63 151 178 -1 
2 20 27 41 64 89 112 120 127 -1 
43 55 58 83 85 115 118 156 -1 
11 45 56 106 -1 
50 70 131 158 173 -1 
62 144 168 -1 
6 17 31 94 110 128 136 162 -1 
15 23 38 54 65 81 86 87 96 105 180 -1 
171 -1 
8 16 78 80 -1 
24 40 60 129 140 152 -1 
4 25 68 123 166 176 -1 
69 79 109 116 149 161 -1 
42 59 66 67 98 163 165 -1 
73 141 145 150 170 -1 
10 14 26 76 111 172 -1 
57 77 99 102 114 -1 
32 48 124 175 -1 
7 44 177 -1 
3 28 84 92 104 142 -1 
51 53 61 119 153 154 -1 
9 12 46 108 -1 
22 137 167 179 -1 
100 101 134 143 147 148 155 164 169 -1 
21 95 132 139 174 -1 
36 126 -1 
5 19 30 93 157 -1 
74 75 97 135 -1 
13 49 88 -1 
39 90 103 113 125 133 138 -1 
29 34 71 107 117 130 159 160 -1 
121 -1 
18 37 47 91 146 -1 
33 35 52 72 82 122 -1 
