74 180 1 35 
36 66 128 -1 
160 -1 
175 -1 
44 144 145 173 -1 
141 142 -1 
40 77 79 -1 
-1 
-1 
159 -1 
34 42 88 -1 
57 61 130 -1 
178 -1 
-1 
78 105 111 134 -1 
71 -1 
94 -1 
95 -1 
165 171 -1 
-1 
-1 
48 49 139 -1 
96 157 -1 
90 -1 
116 127 167 -1 
-1 
107 -1 
81 -1 
21 35 54 106 123 132 146 164 -1 
13 -1 
45 121 138 166 -1 
4 22 33 98 -1 
20 179 -1 
43 68 114 149 153 -1 
17 -1 
2 30 150 177 -1 
126 -1 
93 124 136 140 147 158 -1 
52 100 120 156 162 -1 
-1 
23 41 -1 
119 -1 
12 74 84 151 168 -1 
5 50 113 -1 
60 110 131 -1 
56 58 101 -1 
8 80 135 169 -1 
75 83 108 -1 
14 39 -1 
64 69 117 154 -1 
59 62 143 -1 
-1 
18 163 180 -1 
28 82 -1 
25 63 102 115 -1 
-1 
16 27 152 -1 
172 -1 
70 73 103 109 112 133 -1 
37 38 67 -1 
3 32 72 99 125 -1 
19 51 137 -1 
46 65 -1 
104 -1 
15 -1 
11 24 -1 
26 86 92 -1 
6 29 148 -1 
76 129 174 -1 
9 53 97 122 176 -1 
118 170 -1 
55 161 -1 
7 47 -1 
85 91 -1 
10 31 87 89 155 -1 
