48 180 1 24 
41 51 89 133 -1 
6 70 -1 
39 46 49 72 85 86 115 162 -1 
58 124 -1 
28 110 118 141 144 -1 
8 121 -1 
42 126 150 -1 
87 96 105 146 -1 
3 59 -1 
104 -1 
116 132 148 -1 
84 91 92 93 102 151 -1 
180 -1 
33 34 36 75 113 145 166 -1 
25 47 129 147 159 -1 
63 103 112 -1 
20 27 43 80 152 156 -1 
18 127 -1 
45 55 120 128 134 174 -1 
17 26 165 -1 
4 13 32 37 44 48 62 135 149 155 -1 
64 -1 
60 66 -1 
9 22 171 -1 
24 83 143 -1 
50 164 -1 
76 94 98 106 -1 
11 119 168 178 -1 
30 35 56 139 158 -1 
7 99 153 177 179 -1 
19 61 101 -1 
5 12 68 130 138 -1 
29 31 52 81 100 117 167 -1 
16 107 109 136 -1 
69 160 -1 
14 73 90 -1 
2 82 154 -1 
175 -1 
15 40 54 67 71 114 125 169 -1 
57 65 79 97 172 -1 
88 161 -1 
108 123 -1 
95 -1 
137 157 -1 
53 163 -1 
38 131 140 142 170 -1 
23 122 173 176 -1 
10 21 74 77 78 111 -1 
