28 180 1 14 
47 69 145 -1 
9 12 29 50 55 78 -1 
83 106 113 -1 
34 40 60 93 114 116 119 130 151 -1 
45 58 89 100 172 179 -1 
3 25 76 141 144 166 -1 
5 6 21 39 117 121 154 167 173 -1 
27 30 52 85 90 137 170 -1 
24 49 70 81 101 115 125 162 -1 
10 41 146 174 -1 
16 67 72 108 136 158 -1 
37 56 62 122 123 128 159 -1 
7 63 120 124 129 131 161 -1 
17 48 53 80 97 -1 
59 64 142 150 -1 
13 18 38 51 57 86 94 103 139 157 165 178 -1 
11 23 43 65 107 152 169 -1 
87 147 180 -1 
8 19 46 105 126 156 163 -1 
2 22 99 111 -1 
61 71 82 160 -1 
4 26 33 54 68 109 134 135 -1 
14 42 75 79 149 175 176 -1 
91 98 110 133 138 -1 
20 28 31 36 44 73 74 96 104 118 127 140 148 153 171 -1 
32 66 88 92 143 155 -1 
77 84 102 112 177 -1 
15 35 95 132 164 168 -1 
