50 180 1 24 
35 36 179 -1 
14 73 86 131 171 -1 
111 -1 
24 26 68 115 120 -1 
82 116 175 -1 
11 71 90 141 -1 
40 79 110 119 -1 
126 157 -1 
22 136 169 -1 
93 96 127 -1 
88 152 -1 
91 142 -1 
4 89 132 -1 
52 98 114 147 151 -1 
9 37 57 75 80 118 124 140 172 -1 
-1 
143 174 -1 
17 18 27 41 64 77 84 -1 
148 178 -1 
16 30 92 130 137 -1 
108 155 -1 
70 158 -1 
87 102 149 159 -1 
78 83 109 122 -1 
15 29 39 44 49 107 134 177 -1 
50 58 81 85 150 -1 
23 43 59 106 163 -1 
2 76 -1 
63 65 180 -1 
21 28 46 112 139 154 166 -1 
144 -1 
31 45 54 69 72 74 125 170 -1 
12 25 105 -1 
19 47 117 156 -1 
8 100 129 164 -1 
113 153 -1 
13 -1 
33 176 -1 
95 145 160 -1 
60 62 146 161 165 -1 
103 135 167 168 -1 
53 94 101 -1 
10 20 34 51 55 99 -1 
3 5 56 173 -1 
133 -1 
61 67 -1 
48 162 -1 
7 32 97 123 128 -1 
38 42 66 121 -1 
6 104 138 -1 
