52 180 1 26 
49 137 -1 
100 172 -1 
5 53 126 -1 
29 66 111 -1 
12 60 157 -1 
122 179 -1 
21 108 124 128 175 -1 
76 110 173 -1 
18 27 79 135 143 -1 
102 162 180 -1 
69 88 -1 
14 42 72 -1 
93 115 130 147 -1 
113 165 -1 
136 -1 
127 174 -1 
23 24 61 92 144 145 -1 
94 109 117 141 151 154 163 -1 
139 152 159 171 -1 
-1 
9 17 30 37 45 -1 
55 -1 
20 22 47 56 156 -1 
33 43 63 64 -1 
8 34 54 73 90 97 -1 
28 36 44 58 82 -1 
50 85 150 -1 
25 57 59 86 160 -1 
75 118 138 -1 
-1 
146 148 -1 
32 71 77 105 142 177 -1 
84 131 168 -1 
48 65 -1 
40 106 -1 
26 169 -1 
91 161 -1 
7 38 68 98 107 -1 
10 41 99 -1 
119 132 -1 
6 83 95 103 134 176 178 -1 
16 80 120 -1 
78 81 123 129 140 158 -1 
13 51 155 -1 
70 133 170 -1 
104 112 116 -1 
4 35 39 46 67 167 -1 
2 74 -1 
15 -1 
52 114 149 166 -1 
3 11 87 89 101 125 153 -1 
19 31 62 96 121 164 -1 
