100 365 1 50 
75 278 -1 
26 123 214 216 312 324 -1 
77 90 155 172 219 275 -1 
43 150 249 255 283 -1 
231 -1 
102 -1 
62 81 133 267 298 318 -1 
118 137 147 -1 
47 59 92 279 -1 
238 260 -1 
120 325 -1 
270 315 329 -1 
7 156 188 349 -1 
-1 
34 179 363 -1 
212 -1 
110 152 167 177 184 -1 
125 193 309 338 353 357 -1 
40 69 157 365 -1 
51 159 -1 
3 88 190 252 289 303 -1 
132 171 282 -1 
-1 
166 292 -1 
168 186 352 -1 
31 63 164 276 -1 
45 100 348 -1 
134 161 181 332 -1 
55 79 -1 
46 57 89 141 160 237 -1 
13 25 -1 
142 320 -1 
73 256 -1 
-1 
17 20 74 95 187 -1 
226 306 -1 
30 108 299 310 -1 
117 204 -1 
4 72 189 240 242 -1 
54 -1 
-1 
29 33 284 344 -1 
42 146 257 337 341 351 -1 
52 144 241 266 345 -1 
15 22 23 126 -1 
64 111 113 205 342 -1 
127 -1 
128 253 321 358 -1 
229 313 331 364 -1 
56 104 201 -1 
87 129 203 248 -1 
10 41 122 227 285 -1 
61 86 199 -1 
58 223 300 319 335 359 -1 
230 -1 
5 174 207 305 -1 
135 140 259 261 -1 
11 27 67 180 202 301 328 -1 
60 131 311 -1 
162 333 340 356 -1 
37 119 361 -1 
14 96 183 191 196 269 286 307 -1 
115 145 176 208 297 -1 
139 211 -1 
35 49 107 109 281 308 -1 
163 250 288 347 -1 
116 228 234 245 272 291 -1 
38 66 78 136 251 254 354 -1 
28 114 -1 
83 233 -1 
170 197 198 246 287 302 362 -1 
48 271 -1 
84 -1 
103 192 273 280 -1 
235 -1 
-1 
143 243 247 294 304 -1 
21 53 218 -1 
76 101 124 182 258 296 323 -1 
32 99 178 -1 
97 185 220 222 290 -1 
8 194 232 268 334 355 -1 
6 12 360 -1 
158 277 316 336 -1 
2 50 85 93 210 -1 
165 244 -1 
24 149 200 236 239 -1 
105 206 265 -1 
65 225 -1 
39 71 106 151 -1 
36 169 343 -1 
16 221 224 274 339 -1 
82 173 215 295 317 327 346 -1 
112 263 -1 
138 -1 
18 44 68 70 94 98 195 209 262 264 314 350 -1 
130 213 293 330 -1 
148 153 217 322 -1 
9 19 80 91 121 154 175 326 -1 
-1 
