900 365 1 447 
257 -1 
-1 
127 -1 
-1 
-1 
271 -1 
-1 
326 -1 
-1 
98 -1 
58 -1 
-1 
206 -1 
269 -1 
-1 
-1 
-1 
64 -1 
-1 
-1 
111 -1 
-1 
-1 
-1 
-1 
-1 
83 -1 
-1 
285 287 -1 
-1 
-1 
180 -1 
-1 
-1 
31 243 -1 
-1 
-1 
142 -1 
-1 
-1 
122 -1 
-1 
-1 
223 253 -1 
345 -1 
292 -1 
-1 
-1 
-1 
-1 
-1 
-1 
302 -1 
150 -1 
283 -1 
-1 
-1 
-1 
-1 
-1 
23 -1 
-1 
-1 
-1 
192 -1 
-1 
26 251 -1 
-1 
-1 
-1 
298 -1 
133 181 247 -1 
-1 
-1 
57 -1 
296 -1 
197 -1 
-1 
-1 
77 -1 
225 328 -1 
-1 
-1 
-1 
-1 
-1 
-1 
-1 
217 -1 
68 -1 
-1 
-1 
-1 
88 -1 
-1 
-1 
-1 
-1 
-1 
-1 
-1 
-1 
-1 
-1 
-1 
179 -1 
-1 
-1 
183 -1 
101 -1 
-1 
-1 
-1 
-1 
354 -1 
-1 
-1 
125 -1 
-1 
-1 
-1 
-1 
350 362 -1 
-1 
-1 
-1 
339 -1 
-1 
-1 
-1 
-1 
-1 
-1 
-1 
102 -1 
-1 
-1 
-1 
30 -1 
-1 
-1 
-1 
157 203 274 -1 
-1 
-1 
130 277 -1 
-1 
-1 
329 -1 
-1 
-1 
-1 
115 -1 
59 -1 
99 174 -1 
-1 
-1 
-1 
-1 
-1 
235 265 -1 
255 -1 
-1 
-1 
-1 
-1 
-1 
28 -1 
113 -1 
49 -1 
-1 
-1 
171 358 -1 
37 -1 
-1 
41 -1 
6 -1 
103 -1 
268 -1 
-1 
185 -1 
334 -1 
-1 
-1 
51 -1 
249 -1 
-1 
-1 
-1 
347 -1 
331 -1 
-1 
-1 
-1 
-1 
176 -1 
-1 
-1 
87 -1 
168 -1 
25 -1 
-1 
-1 
-1 
-1 
-1 
-1 
-1 
200 -1 
-1 
-1 
-1 
-1 
-1 
204 324 -1 
17 -1 
70 195 -1 
-1 
272 -1 
-1 
250 355 -1 
359 -1 
-1 
-1 
-1 
-1 
-1 
341 -1 
2 -1 
237 -1 
95 266 -1 
-1 
42 -1 
-1 
-1 
-1 
27 -1 
-1 
231 -1 
-1 
275 -1 
-1 
246 -1 
112 196 -1 
333 -1 
-1 
12 -1 
-1 
136 -1 
-1 
-1 
227 -1 
-1 
256 -1 
-1 
276 -1 
21 -1 
-1 
-1 
-1 
-1 
-1 
-1 
-1 
-1 
33 -1 
-1 
92 166 -1 
293 -1 
-1 
-1 
144 148 182 -1 
-1 
-1 
-1 
282 -1 
62 -1 
205 -1 
-1 
-1 
215 -1 
-1 
-1 
-1 
-1 
-1 
224 -1 
116 -1 
-1 
349 -1 
46 -1 
16 177 -1 
264 -1 
-1 
-1 
-1 
-1 
-1 
-1 
286 -1 
-1 
-1 
-1 
202 -1 
-1 
172 -1 
-1 
-1 
-1 
109 252 -1 
178 -1 
-1 
38 -1 
-1 
301 -1 
-1 
-1 
-1 
351 -1 
-1 
-1 
-1 
132 -1 
220 -1 
105 -1 
-1 
-1 
-1 
-1 
-1 
-1 
-1 
-1 
-1 
-1 
-1 
-1 
-1 
135 212 -1 
-1 
-1 
-1 
-1 
-1 
-1 
-1 
-1 
-1 
-1 
66 346 -1 
-1 
-1 
-1 
9 -1 
-1 
325 -1 
317 -1 
-1 
248 -1 
-1 
-1 
-1 
-1 
-1 
-1 
20 211 -1 
-1 
-1 
-1 
-1 
-1 
-1 
50 129 312 -1 
-1 
73 315 -1 
-1 
-1 
-1 
-1 
126 -1 
344 -1 
-1 
-1 
-1 
-1 
338 -1 
-1 
-1 
-1 
-1 
-1 
-1 
-1 
-1 
-1 
-1 
139 -1 
-1 
-1 
-1 
-1 
-1 
75 -1 
-1 
187 -1 
-1 
-1 
-1 
-1 
-1 
-1 
-1 
201 -1 
-1 
-1 
348 -1 
-1 
263 -1 
54 -1 
-1 
11 -1 
-1 
143 361 -1 
-1 
-1 
-1 
158 -1 
-1 
-1 
-1 
53 -1 
-1 
241 -1 
-1 
-1 
90 -1 
-1 
239 -1 
-1 
-1 
-1 
221 323 -1 
-1 
194 288 -1 
-1 
-1 
280 -1 
-1 
254 -1 
-1 
218 -1 
-1 
-1 
-1 
-1 
-1 
-1 
121 -1 
-1 
-1 
-1 
-1 
-1 
-1 
337 -1 
104 -1 
-1 
114 -1 
22 -1 
-1 
-1 
-1 
-1 
-1 
222 228 -1 
-1 
-1 
40 -1 
162 -1 
321 -1 
3 -1 
-1 
353 -1 
-1 
19 -1 
-1 
-1 
214 -1 
-1 
156 -1 
-1 
-1 
-1 
-1 
-1 
-1 
-1 
-1 
327 -1 
-1 
278 -1 
-1 
-1 
45 -1 
295 -1 
-1 
-1 
-1 
-1 
209 -1 
-1 
-1 
-1 
184 -1 
316 -1 
-1 
-1 
-1 
-1 
357 -1 
137 -1 
-1 
-1 
-1 
-1 
-1 
-1 
-1 
34 281 -1 
-1 
-1 
-1 
161 -1 
155 236 270 -1 
-1 
52 -1 
-1 
-1 
-1 
-1 
-1 
106 -1 
43 -1 
-1 
170 299 -1 
160 -1 
167 -1 
322 -1 
-1 
-1 
-1 
-1 
-1 
-1 
-1 
-1 
152 303 -1 
-1 
165 -1 
-1 
-1 
60 -1 
193 -1 
-1 
80 -1 
-1 
-1 
-1 
244 330 -1 
-1 
-1 
-1 
-1 
-1 
164 -1 
-1 
-1 
-1 
-1 
-1 
-1 
-1 
89 -1 
-1 
-1 
-1 
35 -1 
15 67 -1 
36 -1 
140 -1 
-1 
360 -1 
159 335 -1 
306 -1 
-1 
-1 
-1 
-1 
-1 
108 -1 
-1 
-1 
-1 
10 -1 
-1 
78 -1 
147 -1 
-1 
363 -1 
-1 
-1 
-1 
-1 
-1 
-1 
207 291 319 -1 
-1 
284 -1 
242 -1 
309 -1 
-1 
229 259 -1 
14 238 -1 
124 169 -1 
233 -1 
258 -1 
-1 
-1 
-1 
-1 
-1 
-1 
-1 
-1 
-1 
-1 
-1 
-1 
-1 
-1 
-1 
-1 
-1 
39 -1 
-1 
55 -1 
-1 
85 -1 
191 -1 
-1 
-1 
-1 
-1 
-1 
-1 
-1 
76 313 -1 
-1 
74 216 -1 
-1 
69 -1 
153 -1 
146 294 311 -1 
199 -1 
-1 
84 364 -1 
-1 
-1 
-1 
-1 
56 -1 
-1 
-1 
-1 
-1 
-1 
29 -1 
-1 
-1 
-1 
-1 
-1 
-1 
297 -1 
-1 
-1 
-1 
262 -1 
-1 
-1 
-1 
-1 
-1 
-1 
-1 
300 -1 
-1 
-1 
-1 
-1 
-1 
213 -1 
149 234 -1 
-1 
-1 
-1 
-1 
13 -1 
86 -1 
-1 
-1 
273 304 -1 
-1 
-1 
-1 
188 -1 
-1 
267 -1 
260 -1 
154 -1 
-1 
119 -1 
-1 
-1 
307 336 -1 
305 -1 
-1 
-1 
320 -1 
48 -1 
-1 
-1 
100 -1 
-1 
-1 
-1 
-1 
-1 
-1 
290 -1 
-1 
120 151 -1 
-1 
-1 
24 -1 
-1 
-1 
210 -1 
72 226 -1 
107 -1 
-1 
7 230 -1 
-1 
279 -1 
-1 
-1 
-1 
-1 
198 -1 
-1 
-1 
-1 
-1 
91 96 -1 
-1 
-1 
-1 
-1 
-1 
-1 
-1 
-1 
-1 
-1 
-1 
81 -1 
-1 
-1 
-1 
-1 
63 352 -1 
82 -1 
-1 
-1 
47 314 -1 
342 -1 
5 -1 
-1 
-1 
-1 
-1 
118 332 -1 
-1 
65 -1 
-1 
-1 
-1 
4 -1 
-1 
-1 
-1 
97 -1 
-1 
-1 
-1 
94 -1 
-1 
-1 
-1 
-1 
340 -1 
-1 
186 -1 
-1 
-1 
-1 
-1 
-1 
138 -1 
240 -1 
-1 
-1 
190 -1 
-1 
-1 
134 -1 
-1 
-1 
-1 
-1 
-1 
208 -1 
-1 
-1 
18 -1 
-1 
-1 
71 -1 
-1 
-1 
-1 
261 -1 
232 365 -1 
-1 
-1 
61 -1 
245 -1 
219 -1 
-1 
-1 
-1 
-1 
141 -1 
-1 
-1 
123 -1 
32 -1 
175 -1 
-1 
131 -1 
128 -1 
-1 
117 -1 
-1 
173 -1 
-1 
-1 
189 -1 
318 -1 
-1 
-1 
-1 
-1 
79 -1 
110 -1 
-1 
289 -1 
-1 
-1 
93 -1 
-1 
-1 
-1 
-1 
-1 
356 -1 
163 -1 
-1 
145 -1 
-1 
-1 
-1 
8 -1 
308 343 -1 
-1 
-1 
44 -1 
310 -1 
-1 
-1 
