500 365 1 247 
-1 
124 300 302 -1 
-1 
-1 
-1 
338 -1 
-1 
-1 
-1 
-1 
24 127 -1 
58 196 -1 
61 -1 
65 305 -1 
-1 
-1 
36 -1 
340 -1 
137 151 -1 
-1 
-1 
101 -1 
-1 
-1 
189 240 -1 
187 249 -1 
316 -1 
135 -1 
-1 
159 266 -1 
-1 
37 -1 
134 -1 
-1 
-1 
277 -1 
165 208 -1 
-1 
25 136 356 -1 
-1 
162 -1 
-1 
-1 
142 148 -1 
-1 
-1 
-1 
42 273 -1 
52 -1 
2 -1 
55 304 -1 
-1 
164 183 -1 
-1 
-1 
-1 
274 -1 
-1 
-1 
-1 
-1 
128 -1 
-1 
144 -1 
-1 
-1 
155 -1 
-1 
-1 
201 -1 
-1 
-1 
73 141 161 263 -1 
-1 
-1 
27 -1 
-1 
149 160 363 -1 
13 -1 
-1 
126 -1 
228 286 -1 
-1 
-1 
9 181 284 -1 
21 262 358 -1 
217 226 -1 
158 -1 
-1 
-1 
-1 
79 -1 
-1 
275 -1 
-1 
-1 
31 72 -1 
167 -1 
-1 
191 -1 
310 -1 
324 -1 
241 357 -1 
-1 
195 -1 
-1 
-1 
244 -1 
-1 
225 -1 
313 -1 
177 -1 
-1 
123 287 -1 
99 -1 
184 211 -1 
301 318 -1 
321 -1 
-1 
-1 
75 -1 
-1 
-1 
-1 
38 96 -1 
264 -1 
360 -1 
-1 
129 -1 
-1 
-1 
267 271 -1 
138 190 330 -1 
67 -1 
-1 
-1 
23 -1 
-1 
-1 
257 -1 
110 125 -1 
43 -1 
221 -1 
-1 
-1 
178 -1 
-1 
29 -1 
220 -1 
56 -1 
-1 
-1 
290 -1 
319 -1 
4 -1 
20 -1 
349 -1 
39 -1 
-1 
131 333 -1 
259 -1 
212 -1 
-1 
-1 
54 -1 
119 353 -1 
-1 
169 -1 
40 -1 
113 348 -1 
95 -1 
11 82 106 355 -1 
97 362 -1 
34 -1 
-1 
-1 
90 -1 
108 229 -1 
312 359 -1 
236 -1 
104 -1 
139 -1 
-1 
326 -1 
8 117 303 -1 
-1 
296 -1 
64 -1 
327 -1 
-1 
-1 
-1 
-1 
-1 
66 193 -1 
-1 
-1 
-1 
-1 
68 -1 
60 307 -1 
365 -1 
293 -1 
-1 
171 339 -1 
248 -1 
41 219 -1 
361 -1 
258 -1 
122 -1 
-1 
-1 
-1 
238 280 -1 
-1 
-1 
323 334 -1 
102 -1 
-1 
309 320 -1 
-1 
182 342 -1 
121 -1 
-1 
93 209 -1 
-1 
198 -1 
-1 
18 -1 
234 -1 
-1 
216 -1 
53 170 -1 
299 -1 
-1 
-1 
-1 
-1 
335 -1 
91 -1 
57 -1 
-1 
-1 
235 -1 
-1 
-1 
332 -1 
-1 
-1 
71 -1 
-1 
-1 
-1 
269 292 -1 
-1 
255 -1 
7 85 -1 
-1 
-1 
-1 
-1 
-1 
94 232 -1 
-1 
154 174 -1 
59 -1 
197 -1 
306 -1 
44 205 -1 
-1 
116 281 -1 
77 314 -1 
-1 
168 -1 
-1 
-1 
-1 
188 -1 
-1 
-1 
-1 
-1 
-1 
291 -1 
239 317 -1 
250 -1 
-1 
-1 
16 -1 
103 -1 
-1 
-1 
-1 
83 -1 
-1 
-1 
-1 
-1 
-1 
180 265 268 -1 
19 76 -1 
-1 
254 -1 
-1 
-1 
207 -1 
-1 
-1 
176 -1 
329 -1 
-1 
343 -1 
345 -1 
-1 
114 -1 
203 -1 
-1 
-1 
224 251 295 -1 
192 -1 
5 -1 
-1 
-1 
-1 
-1 
3 150 231 -1 
-1 
-1 
-1 
-1 
-1 
-1 
285 -1 
-1 
98 206 -1 
298 -1 
-1 
30 -1 
140 -1 
28 81 215 341 -1 
-1 
-1 
-1 
133 -1 
-1 
69 163 -1 
-1 
10 -1 
-1 
49 166 -1 
-1 
-1 
17 -1 
-1 
283 -1 
33 260 -1 
230 -1 
14 146 -1 
-1 
-1 
-1 
147 -1 
-1 
-1 
-1 
-1 
157 -1 
-1 
-1 
-1 
256 -1 
261 325 -1 
-1 
-1 
105 -1 
35 51 -1 
-1 
199 -1 
45 -1 
26 -1 
-1 
289 -1 
-1 
-1 
118 173 -1 
107 -1 
-1 
48 78 -1 
130 245 351 -1 
-1 
-1 
194 -1 
204 -1 
-1 
185 -1 
-1 
272 -1 
62 -1 
145 -1 
-1 
6 -1 
15 364 -1 
179 -1 
-1 
-1 
-1 
354 -1 
109 -1 
-1 
89 -1 
-1 
347 -1 
237 242 -1 
-1 
270 -1 
222 -1 
-1 
-1 
-1 
-1 
74 87 -1 
-1 
-1 
-1 
112 -1 
47 350 -1 
84 -1 
214 253 346 -1 
143 -1 
111 311 -1 
12 331 -1 
-1 
-1 
132 -1 
-1 
-1 
-1 
-1 
-1 
-1 
-1 
200 223 -1 
227 -1 
22 -1 
-1 
153 -1 
-1 
70 115 -1 
-1 
-1 
-1 
152 -1 
336 -1 
46 243 247 288 -1 
-1 
80 175 -1 
294 -1 
-1 
-1 
-1 
-1 
-1 
156 -1 
297 -1 
-1 
-1 
202 -1 
100 -1 
322 -1 
-1 
279 -1 
-1 
-1 
92 218 308 328 -1 
-1 
63 86 278 -1 
-1 
252 -1 
50 337 -1 
-1 
-1 
172 -1 
120 -1 
210 246 -1 
-1 
-1 
-1 
213 -1 
-1 
233 315 344 -1 
-1 
276 -1 
-1 
88 352 -1 
32 -1 
-1 
-1 
-1 
282 -1 
186 -1 
