700 365 1 346 
-1 
202 -1 
2 -1 
249 -1 
233 -1 
-1 
195 -1 
-1 
17 -1 
-1 
183 -1 
-1 
-1 
45 -1 
-1 
8 203 -1 
-1 
-1 
-1 
103 323 -1 
-1 
179 325 -1 
256 -1 
361 -1 
-1 
153 -1 
343 -1 
-1 
319 -1 
-1 
-1 
347 -1 
57 -1 
-1 
-1 
217 -1 
313 -1 
151 -1 
125 188 270 356 -1 
-1 
31 -1 
-1 
298 -1 
-1 
302 -1 
92 -1 
-1 
360 -1 
-1 
223 -1 
-1 
285 -1 
275 -1 
-1 
-1 
135 330 -1 
281 -1 
-1 
-1 
90 -1 
-1 
-1 
-1 
-1 
-1 
-1 
-1 
-1 
-1 
-1 
260 -1 
-1 
-1 
-1 
224 -1 
-1 
-1 
-1 
-1 
106 143 -1 
-1 
-1 
-1 
44 -1 
292 -1 
-1 
93 144 -1 
-1 
-1 
161 -1 
60 -1 
-1 
85 -1 
-1 
145 -1 
11 -1 
-1 
284 -1 
197 -1 
-1 
111 -1 
221 -1 
-1 
283 -1 
110 -1 
293 -1 
-1 
-1 
56 -1 
-1 
-1 
-1 
-1 
71 -1 
-1 
167 -1 
254 -1 
-1 
341 -1 
-1 
-1 
91 -1 
86 342 -1 
48 -1 
68 222 -1 
-1 
348 -1 
-1 
269 -1 
184 245 -1 
-1 
-1 
-1 
207 -1 
-1 
94 132 267 -1 
38 280 -1 
-1 
268 -1 
-1 
362 -1 
34 237 -1 
-1 
-1 
225 -1 
-1 
-1 
-1 
-1 
-1 
-1 
-1 
-1 
-1 
365 -1 
16 -1 
-1 
-1 
-1 
-1 
-1 
-1 
-1 
97 -1 
25 107 199 -1 
-1 
-1 
198 -1 
-1 
-1 
-1 
261 -1 
-1 
-1 
357 363 -1 
120 -1 
-1 
-1 
231 -1 
-1 
-1 
82 219 -1 
-1 
55 131 -1 
-1 
-1 
-1 
193 -1 
176 253 -1 
-1 
-1 
-1 
-1 
331 -1 
205 -1 
83 -1 
30 -1 
101 -1 
-1 
152 168 -1 
-1 
-1 
41 -1 
-1 
5 364 -1 
-1 
-1 
46 64 -1 
-1 
100 190 -1 
-1 
-1 
148 -1 
-1 
138 -1 
-1 
-1 
-1 
305 -1 
-1 
-1 
-1 
-1 
242 -1 
339 -1 
-1 
-1 
-1 
-1 
-1 
96 -1 
-1 
352 -1 
-1 
-1 
257 259 -1 
43 -1 
-1 
200 266 338 -1 
-1 
-1 
6 -1 
174 -1 
27 -1 
-1 
324 -1 
232 -1 
-1 
-1 
-1 
-1 
-1 
-1 
317 -1 
-1 
-1 
-1 
-1 
-1 
216 -1 
67 -1 
289 -1 
42 -1 
-1 
-1 
-1 
-1 
-1 
-1 
-1 
-1 
-1 
-1 
154 -1 
-1 
-1 
13 218 -1 
-1 
-1 
-1 
115 236 -1 
-1 
310 329 -1 
74 212 -1 
-1 
35 -1 
-1 
114 276 -1 
301 -1 
137 -1 
-1 
-1 
-1 
62 326 -1 
258 -1 
346 -1 
-1 
20 -1 
36 -1 
-1 
-1 
238 -1 
-1 
40 72 240 -1 
-1 
-1 
-1 
10 89 -1 
227 -1 
-1 
-1 
297 -1 
-1 
166 -1 
61 -1 
-1 
-1 
-1 
-1 
316 -1 
-1 
-1 
-1 
-1 
-1 
265 -1 
158 -1 
-1 
109 117 -1 
-1 
-1 
127 -1 
262 -1 
-1 
-1 
-1 
-1 
335 -1 
-1 
-1 
3 -1 
-1 
-1 
105 -1 
-1 
-1 
18 -1 
-1 
140 -1 
75 171 -1 
165 -1 
79 -1 
-1 
-1 
88 -1 
-1 
-1 
113 146 -1 
-1 
-1 
-1 
206 -1 
-1 
15 -1 
102 -1 
-1 
175 220 312 -1 
-1 
-1 
181 -1 
-1 
322 -1 
-1 
-1 
332 -1 
133 -1 
170 320 -1 
-1 
274 -1 
336 -1 
-1 
-1 
-1 
182 211 -1 
-1 
358 -1 
80 315 -1 
-1 
-1 
-1 
-1 
-1 
50 -1 
-1 
-1 
-1 
-1 
340 -1 
-1 
139 228 230 -1 
54 -1 
-1 
-1 
-1 
7 -1 
-1 
-1 
-1 
-1 
-1 
-1 
173 354 -1 
282 -1 
-1 
-1 
201 -1 
-1 
-1 
69 116 -1 
-1 
-1 
278 -1 
-1 
-1 
248 -1 
-1 
344 -1 
-1 
-1 
-1 
-1 
-1 
314 -1 
-1 
300 -1 
-1 
-1 
-1 
-1 
-1 
172 -1 
-1 
-1 
304 -1 
-1 
-1 
-1 
-1 
-1 
229 -1 
186 303 -1 
-1 
185 -1 
-1 
194 -1 
-1 
177 345 -1 
-1 
-1 
118 -1 
14 99 -1 
-1 
294 -1 
328 -1 
-1 
-1 
351 -1 
-1 
70 -1 
-1 
-1 
287 337 -1 
128 -1 
-1 
-1 
-1 
-1 
-1 
209 -1 
-1 
-1 
-1 
-1 
112 -1 
327 -1 
-1 
52 126 -1 
-1 
247 -1 
-1 
-1 
-1 
255 -1 
-1 
-1 
-1 
-1 
-1 
-1 
-1 
124 290 -1 
-1 
-1 
123 -1 
23 -1 
-1 
130 -1 
22 -1 
-1 
-1 
134 -1 
-1 
63 -1 
78 -1 
-1 
-1 
279 -1 
246 -1 
191 -1 
-1 
65 -1 
-1 
-1 
251 -1 
-1 
104 -1 
150 -1 
-1 
-1 
-1 
155 -1 
47 -1 
-1 
-1 
76 129 -1 
12 -1 
-1 
-1 
-1 
-1 
21 -1 
196 235 -1 
-1 
-1 
-1 
-1 
-1 
-1 
277 -1 
-1 
349 -1 
-1 
-1 
307 -1 
296 -1 
37 -1 
299 -1 
-1 
-1 
-1 
263 -1 
-1 
-1 
58 121 286 -1 
-1 
311 -1 
-1 
159 -1 
-1 
84 -1 
-1 
24 189 -1 
-1 
9 -1 
-1 
-1 
-1 
239 -1 
119 -1 
77 -1 
-1 
-1 
-1 
28 -1 
250 -1 
-1 
318 -1 
243 -1 
29 -1 
252 -1 
-1 
-1 
33 208 210 -1 
-1 
-1 
-1 
-1 
169 -1 
-1 
98 -1 
-1 
214 -1 
163 -1 
187 350 -1 
-1 
-1 
4 -1 
136 -1 
-1 
241 306 -1 
288 -1 
147 -1 
-1 
-1 
234 -1 
334 -1 
156 -1 
53 355 -1 
-1 
-1 
-1 
-1 
49 -1 
-1 
149 -1 
-1 
-1 
-1 
-1 
-1 
-1 
-1 
164 -1 
-1 
-1 
-1 
-1 
-1 
271 -1 
87 157 -1 
141 -1 
-1 
-1 
-1 
39 -1 
-1 
-1 
-1 
-1 
-1 
244 321 -1 
213 353 359 -1 
226 264 -1 
-1 
162 -1 
-1 
-1 
26 -1 
-1 
-1 
-1 
-1 
-1 
-1 
-1 
66 -1 
-1 
-1 
308 -1 
-1 
309 -1 
95 -1 
180 -1 
59 -1 
-1 
81 -1 
-1 
-1 
108 -1 
-1 
-1 
-1 
142 295 -1 
160 -1 
-1 
215 -1 
-1 
51 122 -1 
32 73 333 -1 
19 273 -1 
-1 
-1 
291 -1 
178 204 -1 
-1 
272 -1 
192 -1 
-1 
-1 
-1 
