1600 365 1 789 
-1 
-1 
-1 
-1 
-1 
-1 
-1 
-1 
247 251 -1 
-1 
-1 
-1 
-1 
181 -1 
-1 
90 139 -1 
-1 
47 136 -1 
-1 
211 -1 
-1 
-1 
103 -1 
-1 
-1 
-1 
-1 
186 -1 
-1 
-1 
277 -1 
-1 
-1 
-1 
-1 
32 -1 
-1 
-1 
-1 
-1 
-1 
271 -1 
-1 
-1 
16 -1 
-1 
-1 
-1 
-1 
-1 
-1 
146 -1 
-1 
-1 
-1 
-1 
-1 
-1 
-1 
-1 
-1 
-1 
-1 
-1 
-1 
-1 
-1 
111 -1 
163 -1 
-1 
71 245 -1 
-1 
-1 
-1 
-1 
-1 
340 -1 
-1 
-1 
-1 
-1 
201 -1 
-1 
-1 
-1 
-1 
288 -1 
-1 
-1 
-1 
-1 
-1 
-1 
-1 
-1 
246 -1 
-1 
-1 
168 -1 
-1 
-1 
48 -1 
-1 
-1 
-1 
-1 
202 -1 
-1 
-1 
-1 
-1 
-1 
-1 
-1 
254 -1 
-1 
-1 
-1 
-1 
-1 
-1 
-1 
-1 
-1 
-1 
322 -1 
-1 
188 -1 
212 -1 
361 -1 
81 -1 
-1 
-1 
-1 
-1 
-1 
-1 
-1 
140 145 -1 
-1 
-1 
-1 
124 -1 
289 -1 
17 -1 
-1 
-1 
-1 
-1 
-1 
-1 
-1 
-1 
-1 
-1 
-1 
-1 
-1 
-1 
-1 
-1 
-1 
-1 
76 -1 
-1 
-1 
-1 
-1 
-1 
-1 
-1 
293 -1 
238 345 -1 
-1 
-1 
-1 
-1 
-1 
-1 
-1 
-1 
-1 
-1 
-1 
227 -1 
-1 
-1 
-1 
-1 
-1 
172 296 -1 
-1 
-1 
93 108 -1 
-1 
-1 
-1 
-1 
-1 
-1 
-1 
-1 
-1 
-1 
-1 
-1 
-1 
-1 
-1 
-1 
-1 
-1 
-1 
-1 
-1 
315 -1 
-1 
-1 
-1 
-1 
222 -1 
100 -1 
-1 
59 297 -1 
279 -1 
-1 
-1 
-1 
-1 
-1 
-1 
-1 
-1 
-1 
-1 
-1 
-1 
28 -1 
-1 
-1 
-1 
19 -1 
-1 
144 -1 
-1 
-1 
-1 
157 -1 
-1 
-1 
-1 
67 -1 
-1 
-1 
-1 
-1 
-1 
-1 
-1 
-1 
-1 
-1 
-1 
12 -1 
-1 
219 -1 
-1 
-1 
-1 
-1 
-1 
-1 
-1 
-1 
-1 
-1 
330 -1 
-1 
-1 
250 -1 
-1 
-1 
260 -1 
4 -1 
200 -1 
-1 
-1 
-1 
-1 
-1 
-1 
-1 
-1 
-1 
-1 
-1 
60 -1 
-1 
-1 
-1 
-1 
-1 
264 -1 
-1 
-1 
-1 
-1 
356 -1 
-1 
-1 
35 -1 
-1 
160 -1 
-1 
-1 
-1 
-1 
364 -1 
-1 
-1 
302 -1 
-1 
-1 
-1 
-1 
-1 
-1 
-1 
-1 
-1 
-1 
-1 
-1 
-1 
-1 
-1 
-1 
-1 
-1 
329 -1 
-1 
123 -1 
290 -1 
-1 
-1 
-1 
359 -1 
321 -1 
-1 
-1 
-1 
-1 
-1 
7 -1 
-1 
-1 
-1 
-1 
34 -1 
-1 
-1 
-1 
-1 
-1 
63 183 -1 
-1 
-1 
278 -1 
-1 
-1 
-1 
-1 
-1 
343 -1 
-1 
-1 
-1 
-1 
-1 
-1 
232 -1 
-1 
-1 
-1 
-1 
-1 
335 -1 
-1 
-1 
311 -1 
-1 
332 -1 
-1 
23 324 -1 
306 325 -1 
207 -1 
-1 
-1 
-1 
-1 
185 -1 
114 309 -1 
-1 
-1 
-1 
-1 
165 -1 
-1 
-1 
-1 
-1 
-1 
135 -1 
-1 
-1 
-1 
-1 
-1 
46 -1 
-1 
-1 
-1 
-1 
-1 
-1 
-1 
-1 
-1 
360 -1 
-1 
255 -1 
-1 
-1 
-1 
-1 
82 -1 
-1 
-1 
-1 
-1 
263 -1 
-1 
104 -1 
218 -1 
-1 
-1 
-1 
-1 
-1 
-1 
-1 
-1 
134 -1 
-1 
-1 
-1 
-1 
285 -1 
-1 
-1 
-1 
-1 
-1 
-1 
-1 
-1 
241 -1 
-1 
-1 
-1 
-1 
-1 
-1 
-1 
-1 
210 -1 
-1 
-1 
-1 
303 -1 
53 121 -1 
-1 
-1 
-1 
-1 
-1 
244 -1 
-1 
221 -1 
-1 
-1 
-1 
-1 
346 -1 
22 -1 
-1 
-1 
-1 
-1 
-1 
-1 
-1 
-1 
-1 
-1 
-1 
-1 
50 -1 
-1 
-1 
-1 
-1 
-1 
-1 
-1 
41 -1 
-1 
-1 
-1 
-1 
217 -1 
-1 
-1 
-1 
-1 
24 -1 
-1 
-1 
298 -1 
-1 
-1 
-1 
-1 
-1 
175 -1 
-1 
-1 
-1 
-1 
-1 
-1 
-1 
-1 
51 355 -1 
119 -1 
-1 
-1 
-1 
-1 
-1 
-1 
-1 
-1 
-1 
-1 
15 339 -1 
-1 
-1 
-1 
-1 
92 242 -1 
-1 
-1 
-1 
-1 
-1 
-1 
-1 
-1 
334 -1 
-1 
-1 
-1 
-1 
-1 
-1 
-1 
365 -1 
-1 
-1 
-1 
68 -1 
214 -1 
-1 
-1 
-1 
-1 
-1 
-1 
-1 
89 -1 
-1 
-1 
-1 
-1 
-1 
-1 
-1 
-1 
-1 
357 -1 
-1 
36 -1 
-1 
-1 
-1 
-1 
8 -1 
327 -1 
-1 
-1 
-1 
259 -1 
-1 
-1 
-1 
-1 
256 -1 
-1 
149 -1 
-1 
39 -1 
65 -1 
-1 
-1 
-1 
-1 
-1 
-1 
-1 
142 194 224 -1 
-1 
55 -1 
-1 
-1 
-1 
-1 
-1 
-1 
-1 
122 235 283 -1 
-1 
-1 
-1 
-1 
-1 
130 233 -1 
-1 
-1 
-1 
-1 
-1 
-1 
190 199 -1 
-1 
-1 
-1 
-1 
-1 
-1 
-1 
-1 
-1 
170 -1 
-1 
272 -1 
-1 
-1 
-1 
-1 
-1 
-1 
-1 
33 -1 
-1 
-1 
-1 
-1 
-1 
-1 
171 -1 
184 -1 
-1 
-1 
-1 
77 -1 
-1 
-1 
-1 
-1 
-1 
-1 
96 -1 
351 -1 
-1 
-1 
-1 
128 -1 
-1 
-1 
-1 
-1 
-1 
-1 
-1 
-1 
-1 
-1 
-1 
-1 
-1 
72 -1 
20 -1 
-1 
-1 
-1 
-1 
344 -1 
-1 
-1 
-1 
-1 
-1 
-1 
126 -1 
-1 
-1 
-1 
-1 
-1 
-1 
29 -1 
94 -1 
-1 
40 -1 
-1 
-1 
-1 
-1 
162 -1 
-1 
-1 
-1 
-1 
-1 
-1 
132 -1 
299 -1 
-1 
337 -1 
-1 
-1 
-1 
-1 
95 -1 
-1 
-1 
25 -1 
30 -1 
-1 
-1 
-1 
-1 
-1 
-1 
-1 
-1 
-1 
273 -1 
249 -1 
66 161 -1 
-1 
-1 
-1 
-1 
-1 
-1 
-1 
-1 
-1 
-1 
-1 
234 -1 
342 -1 
-1 
-1 
-1 
-1 
223 -1 
-1 
-1 
333 -1 
-1 
-1 
-1 
-1 
-1 
-1 
-1 
-1 
106 -1 
120 -1 
-1 
-1 
-1 
-1 
-1 
-1 
-1 
-1 
-1 
-1 
-1 
-1 
-1 
-1 
-1 
-1 
-1 
-1 
-1 
156 229 -1 
43 -1 
-1 
-1 
-1 
-1 
292 -1 
-1 
239 -1 
-1 
-1 
-1 
225 -1 
177 295 -1 
-1 
-1 
-1 
-1 
-1 
-1 
-1 
61 -1 
-1 
-1 
-1 
-1 
-1 
-1 
-1 
228 -1 
-1 
-1 
-1 
112 -1 
-1 
-1 
-1 
-1 
-1 
-1 
-1 
267 -1 
-1 
-1 
350 -1 
197 -1 
313 -1 
-1 
-1 
-1 
-1 
-1 
-1 
5 -1 
-1 
-1 
-1 
-1 
-1 
-1 
-1 
243 -1 
-1 
-1 
-1 
-1 
-1 
-1 
-1 
352 -1 
-1 
-1 
-1 
195 -1 
-1 
-1 
-1 
-1 
-1 
-1 
159 -1 
-1 
-1 
-1 
-1 
-1 
37 57 -1 
-1 
-1 
-1 
-1 
-1 
-1 
-1 
354 -1 
-1 
-1 
-1 
-1 
-1 
-1 
358 -1 
-1 
-1 
-1 
-1 
-1 
-1 
-1 
-1 
-1 
-1 
-1 
-1 
187 -1 
-1 
-1 
-1 
-1 
226 -1 
-1 
116 -1 
-1 
-1 
-1 
-1 
113 -1 
-1 
-1 
-1 
-1 
2 -1 
-1 
-1 
-1 
-1 
-1 
-1 
205 -1 
-1 
189 -1 
-1 
-1 
-1 
-1 
-1 
-1 
-1 
147 -1 
-1 
-1 
-1 
13 -1 
-1 
-1 
252 -1 
-1 
-1 
191 -1 
-1 
193 -1 
-1 
-1 
-1 
-1 
158 -1 
-1 
-1 
-1 
-1 
-1 
-1 
310 -1 
341 -1 
-1 
-1 
151 -1 
-1 
-1 
-1 
79 115 -1 
42 314 -1 
154 -1 
-1 
-1 
-1 
305 -1 
-1 
-1 
-1 
-1 
-1 
-1 
-1 
-1 
-1 
-1 
-1 
-1 
338 -1 
-1 
-1 
-1 
-1 
-1 
-1 
294 -1 
-1 
300 -1 
-1 
-1 
-1 
9 -1 
-1 
-1 
-1 
-1 
-1 
-1 
-1 
173 -1 
-1 
-1 
-1 
-1 
-1 
-1 
-1 
-1 
-1 
-1 
169 -1 
-1 
-1 
-1 
-1 
-1 
328 -1 
54 -1 
-1 
308 -1 
-1 
-1 
-1 
-1 
-1 
182 -1 
-1 
-1 
-1 
-1 
80 -1 
-1 
336 -1 
-1 
-1 
265 280 286 -1 
-1 
-1 
-1 
-1 
-1 
-1 
-1 
-1 
-1 
-1 
-1 
-1 
-1 
-1 
-1 
-1 
-1 
-1 
85 275 -1 
-1 
-1 
-1 
-1 
-1 
258 -1 
-1 
-1 
-1 
-1 
-1 
-1 
-1 
-1 
-1 
27 -1 
-1 
98 -1 
-1 
52 -1 
-1 
-1 
-1 
-1 
-1 
-1 
-1 
220 -1 
-1 
-1 
131 -1 
152 -1 
-1 
-1 
-1 
-1 
-1 
-1 
-1 
353 -1 
101 -1 
-1 
-1 
-1 
-1 
-1 
-1 
-1 
-1 
268 -1 
91 -1 
326 -1 
-1 
-1 
-1 
-1 
118 -1 
-1 
266 -1 
-1 
-1 
-1 
-1 
-1 
-1 
-1 
38 -1 
-1 
284 -1 
-1 
-1 
-1 
180 -1 
-1 
-1 
-1 
270 -1 
-1 
110 -1 
125 196 -1 
176 -1 
-1 
-1 
-1 
-1 
-1 
-1 
-1 
-1 
11 -1 
-1 
-1 
-1 
-1 
-1 
-1 
64 -1 
248 -1 
-1 
-1 
-1 
-1 
44 237 -1 
-1 
-1 
307 -1 
-1 
-1 
261 -1 
208 -1 
-1 
-1 
-1 
143 -1 
-1 
-1 
-1 
-1 
-1 
-1 
-1 
-1 
-1 
-1 
155 -1 
-1 
-1 
-1 
-1 
-1 
-1 
-1 
-1 
18 -1 
-1 
-1 
-1 
-1 
-1 
-1 
-1 
105 -1 
-1 
-1 
-1 
-1 
-1 
-1 
-1 
-1 
-1 
-1 
-1 
-1 
-1 
-1 
-1 
-1 
117 -1 
-1 
138 -1 
-1 
-1 
-1 
-1 
230 -1 
-1 
-1 
-1 
-1 
78 -1 
-1 
-1 
-1 
-1 
-1 
-1 
-1 
56 281 -1 
-1 
-1 
-1 
-1 
-1 
58 -1 
-1 
-1 
-1 
107 -1 
-1 
349 -1 
-1 
-1 
-1 
206 -1 
-1 
-1 
240 -1 
69 -1 
-1 
-1 
26 -1 
-1 
-1 
348 -1 
-1 
-1 
-1 
-1 
-1 
-1 
-1 
-1 
203 -1 
-1 
-1 
-1 
312 -1 
-1 
-1 
-1 
-1 
137 -1 
-1 
-1 
-1 
-1 
-1 
318 -1 
-1 
-1 
-1 
86 -1 
-1 
-1 
-1 
347 -1 
-1 
-1 
-1 
-1 
-1 
-1 
-1 
-1 
-1 
-1 
-1 
-1 
-1 
331 -1 
-1 
-1 
178 -1 
-1 
166 -1 
-1 
-1 
-1 
-1 
-1 
-1 
-1 
75 -1 
-1 
-1 
-1 
-1 
74 -1 
-1 
73 -1 
87 -1 
-1 
-1 
192 -1 
274 -1 
-1 
-1 
-1 
-1 
-1 
3 -1 
-1 
-1 
-1 
-1 
317 -1 
-1 
-1 
-1 
282 -1 
-1 
215 -1 
-1 
-1 
133 -1 
-1 
-1 
209 -1 
-1 
-1 
291 -1 
-1 
70 -1 
-1 
-1 
-1 
-1 
-1 
-1 
-1 
-1 
-1 
84 -1 
-1 
-1 
-1 
-1 
-1 
99 -1 
-1 
-1 
-1 
-1 
83 -1 
-1 
-1 
-1 
301 -1 
-1 
287 -1 
320 -1 
-1 
-1 
-1 
-1 
-1 
-1 
-1 
-1 
-1 
-1 
-1 
363 -1 
-1 
-1 
-1 
-1 
-1 
-1 
97 -1 
167 -1 
-1 
-1 
-1 
253 -1 
-1 
-1 
236 -1 
-1 
-1 
269 -1 
198 -1 
-1 
-1 
-1 
-1 
21 45 -1 
-1 
-1 
-1 
-1 
204 -1 
262 -1 
-1 
-1 
127 164 -1 
-1 
-1 
-1 
-1 
-1 
-1 
-1 
-1 
174 -1 
-1 
-1 
-1 
-1 
231 -1 
-1 
-1 
-1 
-1 
-1 
-1 
141 -1 
-1 
148 -1 
-1 
-1 
-1 
-1 
319 -1 
-1 
-1 
-1 
-1 
-1 
-1 
-1 
-1 
-1 
-1 
213 -1 
-1 
-1 
-1 
-1 
-1 
62 -1 
-1 
-1 
-1 
-1 
14 -1 
109 -1 
-1 
88 216 -1 
-1 
-1 
49 -1 
-1 
-1 
129 -1 
362 -1 
6 -1 
-1 
10 -1 
-1 
-1 
-1 
-1 
-1 
-1 
-1 
-1 
-1 
-1 
31 102 -1 
-1 
-1 
-1 
-1 
-1 
-1 
-1 
276 -1 
-1 
-1 
-1 
153 -1 
-1 
-1 
-1 
-1 
-1 
-1 
-1 
-1 
-1 
-1 
-1 
-1 
-1 
-1 
-1 
-1 
-1 
-1 
-1 
-1 
150 -1 
-1 
257 316 -1 
-1 
-1 
323 -1 
-1 
-1 
-1 
-1 
304 -1 
-1 
-1 
179 -1 
-1 
-1 
-1 
-1 
-1 
-1 
