20 365 1 10 
21 49 143 150 160 176 178 199 208 211 222 250 265 304 326 361 -1 
6 8 26 35 51 57 86 95 106 139 141 169 193 194 201 214 225 261 263 287 301 305 309 317 -1 
9 22 27 102 158 182 212 221 230 236 274 363 -1 
44 46 73 80 120 135 155 166 177 183 210 215 217 239 246 255 280 283 325 -1 
15 28 52 62 66 96 133 140 153 195 242 243 266 299 336 345 -1 
20 53 60 70 71 103 112 128 234 251 276 286 303 341 -1 
2 13 61 78 79 92 109 124 186 203 209 218 231 277 281 284 321 335 -1 
18 41 58 74 98 115 136 180 205 229 238 271 275 297 319 349 355 -1 
3 12 36 38 42 55 94 127 159 167 170 192 292 302 310 334 -1 
43 63 84 101 116 117 154 162 164 181 185 200 247 256 290 298 338 344 -1 
29 81 97 108 111 126 174 175 187 207 223 241 249 260 272 294 306 328 352 -1 
30 50 54 75 83 87 105 132 172 196 197 204 233 278 279 296 308 313 314 316 332 354 -1 
4 5 10 31 32 68 88 90 93 113 119 142 145 146 148 149 190 198 213 216 226 237 252 253 257 259 323 348 362 364 -1 
14 76 99 137 138 152 156 165 206 232 235 244 262 289 291 293 300 -1 
39 67 72 104 107 122 129 131 134 157 179 240 248 270 312 320 331 337 350 353 -1 
19 33 37 45 59 163 224 268 282 285 295 327 333 347 357 360 -1 
16 91 123 130 161 188 191 202 227 245 264 330 340 342 -1 
7 17 23 40 47 48 64 82 110 118 144 147 189 219 267 288 318 343 358 365 -1 
11 24 25 77 85 89 114 125 151 171 173 184 220 228 254 258 269 273 324 339 346 351 359 -1 
34 56 65 69 100 121 168 307 311 315 322 329 356 -1 
