36 365 1 18 
14 71 76 87 116 120 134 160 174 183 201 210 219 284 295 301 305 -1 
4 11 65 95 171 194 207 232 251 291 303 314 334 354 -1 
311 339 343 -1 
22 47 57 77 100 127 167 170 178 286 292 362 -1 
31 117 143 204 342 349 -1 
21 26 82 93 147 180 223 332 -1 
5 19 88 102 205 247 -1 
12 13 74 81 89 136 189 199 200 211 225 259 358 -1 
17 48 50 153 161 220 237 250 310 315 333 359 -1 
130 159 206 218 245 253 275 296 297 304 312 331 345 -1 
9 118 186 197 221 234 235 308 324 329 356 361 -1 
67 94 179 187 299 322 348 353 364 -1 
20 52 72 106 109 214 240 266 -1 
60 62 69 73 321 335 352 -1 
53 83 113 156 191 276 277 -1 
25 43 44 51 56 126 152 203 216 236 254 256 320 365 -1 
37 68 208 230 238 246 302 337 -1 
28 142 149 177 181 215 271 278 289 -1 
24 46 54 64 103 104 122 125 224 285 307 327 -1 
58 61 85 112 119 140 158 198 347 350 363 -1 
15 16 18 91 97 252 255 269 283 290 317 351 -1 
8 40 84 188 242 279 -1 
92 195 280 313 319 -1 
3 29 34 42 99 132 150 175 241 248 249 326 328 -1 
7 165 209 226 228 260 261 282 293 294 -1 
49 55 86 144 148 176 184 244 309 341 360 -1 
6 23 30 33 59 110 168 182 185 227 267 -1 
2 66 123 133 135 137 141 151 196 222 257 273 281 -1 
27 78 129 217 270 287 298 306 316 -1 
36 114 157 163 268 272 300 344 357 -1 
38 70 79 107 108 154 213 258 318 338 340 -1 
35 96 115 145 162 169 173 243 263 264 265 288 325 -1 
10 39 63 80 90 101 105 111 124 190 212 346 355 -1 
45 75 138 139 155 164 172 229 231 239 262 274 323 336 -1 
32 41 98 121 128 131 146 166 202 -1 
192 193 233 330 -1 
