48 365 1 24 
35 46 53 76 135 144 222 225 250 352 365 -1 
70 82 152 287 296 363 -1 
25 54 58 107 126 158 165 207 223 228 291 308 -1 
162 167 247 271 289 324 348 -1 
68 155 185 201 232 364 -1 
3 79 186 255 -1 
11 38 203 243 302 325 337 350 -1 
50 59 104 147 169 175 187 316 335 -1 
12 24 75 77 92 115 184 221 238 286 318 353 -1 
5 20 97 118 173 240 262 340 -1 
67 89 103 313 319 338 357 -1 
23 81 116 170 242 305 322 332 -1 
74 138 160 301 362 -1 
8 130 146 180 198 199 215 306 -1 
19 98 272 -1 
28 52 90 121 182 334 -1 
83 139 320 339 341 -1 
40 66 171 181 193 206 241 326 361 -1 
60 84 151 208 251 279 283 284 328 -1 
18 44 56 57 123 216 269 323 -1 
128 154 195 229 280 354 356 360 -1 
17 26 55 87 137 150 166 172 214 219 233 -1 
6 62 64 159 161 -1 
39 142 268 288 -1 
2 43 113 196 213 270 -1 
49 94 124 164 200 267 276 315 321 345 -1 
32 69 72 96 106 141 -1 
45 47 117 227 257 333 342 -1 
71 80 143 312 336 -1 
33 48 95 105 153 168 177 183 212 230 277 294 300 309 358 -1 
31 73 191 194 263 281 329 -1 
4 13 14 21 51 119 197 235 274 -1 
65 157 224 259 290 347 -1 
114 176 178 226 293 298 303 344 355 -1 
7 29 30 110 136 192 211 234 248 -1 
85 220 349 -1 
100 102 122 246 265 -1 
16 34 125 179 351 -1 
9 42 134 145 190 210 252 256 266 343 -1 
27 108 273 304 307 310 346 -1 
120 132 148 174 244 285 311 -1 
15 36 86 156 188 236 260 261 -1 
37 91 129 131 204 217 231 237 249 275 292 -1 
101 111 218 278 297 -1 
41 140 163 202 282 314 -1 
10 22 61 109 112 205 239 258 299 327 359 -1 
88 93 99 149 189 209 245 253 264 295 330 -1 
63 78 127 133 254 317 331 -1 
