13 365 1 6 
3 57 70 78 82 105 118 132 160 169 178 192 194 195 210 226 228 229 237 243 246 260 288 289 291 295 304 306 317 327 348 351 -1 
8 18 19 49 66 67 95 126 127 130 136 141 144 146 148 150 155 161 189 196 221 231 234 235 239 248 249 297 313 318 320 323 336 346 356 -1 
10 29 32 41 44 58 64 87 120 121 124 151 152 174 190 197 201 215 222 242 253 264 279 281 282 287 307 310 333 334 343 363 364 -1 
6 7 11 21 26 42 51 53 94 97 110 125 158 204 211 213 247 251 256 270 290 294 314 315 316 326 355 -1 
4 15 16 17 22 31 34 37 38 45 68 92 102 122 159 163 171 207 208 214 219 224 276 277 280 284 285 286 296 319 340 349 353 -1 
9 23 52 63 71 73 75 79 98 104 106 119 133 147 157 165 167 172 181 183 187 200 230 236 261 292 299 350 354 -1 
5 59 80 96 108 128 137 140 153 184 198 202 209 223 227 245 271 274 275 308 330 331 344 -1 
12 24 35 39 48 54 72 81 101 115 116 131 145 164 175 176 177 179 216 217 266 267 272 312 321 324 332 345 352 365 -1 
25 27 30 36 55 123 134 149 156 162 168 170 186 193 220 258 262 263 278 322 325 338 -1 
46 60 61 83 90 99 114 166 180 188 199 218 233 238 240 255 305 309 328 341 347 361 -1 
20 47 65 74 77 91 93 100 103 117 129 142 143 205 212 244 283 298 300 301 302 311 335 337 339 -1 
2 28 33 40 50 56 62 69 84 88 89 107 135 154 173 191 225 232 259 265 268 269 273 293 342 357 362 -1 
13 14 43 76 85 86 109 111 112 113 138 139 182 185 203 206 241 250 252 254 257 303 329 358 359 360 -1 
