30 365 1 14 
26 137 141 172 255 276 332 362 -1 
15 42 53 54 77 98 181 236 247 256 291 336 363 -1 
13 19 35 47 61 79 99 101 146 154 345 347 358 -1 
7 10 20 25 58 86 103 175 178 211 228 229 234 286 361 -1 
23 64 95 109 117 126 138 143 148 155 166 223 230 231 249 257 321 343 -1 
9 17 32 106 121 128 156 190 192 216 221 241 266 310 -1 
21 39 40 70 72 114 139 140 144 163 188 250 252 273 299 304 337 338 -1 
52 92 100 105 134 171 201 207 271 301 326 331 348 -1 
49 66 97 113 120 235 285 297 355 -1 
129 132 185 205 238 318 -1 
8 22 36 88 90 147 153 186 197 208 210 220 268 280 334 -1 
104 116 122 157 158 203 214 242 265 324 325 351 354 -1 
44 50 68 83 151 152 193 195 198 219 239 253 272 -1 
11 24 115 169 174 213 233 284 300 333 357 -1 
5 12 14 27 48 55 67 107 123 161 179 237 292 302 309 312 328 335 365 -1 
75 89 110 111 204 224 246 270 314 359 -1 
33 69 96 125 130 226 287 315 329 364 -1 
43 94 136 167 222 296 349 -1 
38 41 56 112 170 209 319 327 -1 
51 63 80 162 277 289 322 360 -1 
16 60 81 87 118 149 183 199 232 240 264 269 281 294 313 -1 
4 62 65 78 102 127 131 133 135 187 196 200 202 267 308 317 -1 
28 73 93 159 191 259 260 275 288 295 298 303 311 350 -1 
30 34 37 76 164 168 217 245 248 262 283 342 344 -1 
71 74 119 150 165 177 180 218 251 263 305 339 340 -1 
2 18 45 46 108 225 243 261 278 282 330 -1 
3 6 124 182 194 212 306 320 -1 
29 82 145 173 215 244 290 316 341 -1 
57 59 84 85 142 184 189 206 227 254 258 279 293 323 352 353 356 -1 
31 91 160 176 274 307 346 -1 
