11 365 1 4 
3 49 63 92 127 138 146 164 166 176 192 212 259 267 290 296 300 302 328 341 342 352 365 -1 
4 5 12 15 26 30 34 40 42 44 67 72 73 74 77 86 93 102 105 106 140 152 168 188 190 195 207 215 216 218 224 230 232 233 241 256 260 270 293 307 337 346 -1 
20 46 50 53 58 59 75 78 79 87 116 124 126 133 136 142 171 172 174 183 196 201 219 237 251 262 283 318 320 326 338 344 356 359 364 -1 
2 7 8 18 21 23 43 47 51 62 101 118 119 121 129 154 158 162 178 185 187 193 209 211 235 273 280 284 287 312 314 340 345 353 -1 
14 27 57 69 70 80 94 103 111 139 155 159 160 170 175 213 223 253 261 281 295 299 324 347 350 351 354 -1 
9 17 33 41 52 81 83 84 88 90 97 98 108 117 148 157 179 180 181 182 191 194 199 205 214 226 238 272 278 286 288 331 334 343 357 360 361 363 -1 
19 25 29 35 64 128 130 143 151 165 184 186 197 203 221 222 228 229 239 243 244 247 248 264 265 308 315 316 317 321 329 355 358 -1 
6 11 22 36 37 55 65 68 76 89 107 115 141 198 206 208 240 249 255 269 275 285 291 297 306 309 310 319 322 348 -1 
38 39 60 82 96 120 122 125 131 149 150 153 156 163 177 189 202 204 217 234 242 257 258 266 271 277 292 301 303 335 349 362 -1 
10 16 28 31 54 66 71 85 99 100 104 109 123 132 134 144 145 147 167 173 200 250 268 274 279 282 298 325 327 332 333 336 339 -1 
13 24 32 45 48 56 61 91 95 110 112 113 114 135 137 161 169 210 220 225 227 231 236 245 246 252 254 263 276 289 294 304 305 311 313 323 330 -1 
