60 180 1 30 
2 14 113 -1 
3 70 148 -1 
26 140 -1 
65 77 159 -1 
-1 
9 25 58 68 117 128 161 169 176 -1 
4 37 102 114 115 120 156 -1 
55 71 143 -1 
78 81 -1 
180 -1 
111 -1 
40 63 83 172 -1 
101 -1 
17 86 119 147 -1 
31 51 52 -1 
33 69 103 177 -1 
97 121 124 -1 
59 104 -1 
99 167 -1 
11 12 45 123 130 133 149 150 -1 
88 136 173 -1 
82 98 155 -1 
129 179 -1 
6 7 10 22 32 67 91 135 144 154 -1 
28 -1 
108 110 -1 
5 138 175 -1 
46 165 -1 
92 -1 
30 41 43 54 96 -1 
56 122 126 -1 
21 42 53 87 162 171 -1 
8 16 44 62 84 158 -1 
48 95 118 125 -1 
18 38 -1 
60 64 141 166 -1 
85 106 134 -1 
61 66 75 157 -1 
34 49 76 160 163 -1 
47 73 -1 
13 23 137 -1 
139 152 -1 
20 145 -1 
50 100 -1 
27 -1 
153 -1 
24 36 94 109 116 146 151 164 -1 
29 39 -1 
79 80 105 127 131 -1 
74 -1 
15 168 -1 
-1 
19 89 -1 
93 174 -1 
57 72 170 -1 
-1 
35 -1 
112 142 -1 
132 178 -1 
90 107 -1 
