26 180 1 12 
39 57 65 95 134 149 178 -1 
26 29 55 59 61 85 97 156 -1 
4 5 13 47 67 124 152 154 174 -1 
40 45 50 87 92 114 137 -1 
21 51 54 89 101 145 147 -1 
8 12 18 42 68 163 180 -1 
74 155 157 177 -1 
10 16 27 33 84 100 102 116 128 143 158 161 169 -1 
72 94 98 111 120 131 150 -1 
31 35 56 138 144 170 171 -1 
63 79 139 148 153 -1 
60 90 93 99 -1 
6 11 96 105 -1 
14 43 62 64 106 160 172 -1 
2 38 41 69 77 108 112 113 118 -1 
3 103 104 140 162 168 173 -1 
30 36 70 76 80 81 82 119 123 141 -1 
86 115 121 151 -1 
17 44 75 83 91 109 135 142 165 -1 
9 15 24 52 107 110 117 136 -1 
7 25 78 130 132 166 -1 
23 28 46 58 71 88 125 126 -1 
20 32 37 48 53 176 -1 
34 122 133 159 179 -1 
19 66 73 127 146 -1 
22 49 129 164 167 175 -1 
