46 180 1 22 
-1 
43 120 -1 
6 22 61 133 155 -1 
19 70 100 168 -1 
25 71 111 122 164 179 -1 
49 66 73 76 91 174 -1 
86 124 129 153 154 172 -1 
87 97 115 -1 
26 93 177 -1 
39 98 121 -1 
-1 
64 152 -1 
17 38 148 -1 
44 47 68 116 146 -1 
151 -1 
14 89 107 125 162 -1 
12 32 36 94 140 157 -1 
58 78 -1 
34 41 48 53 80 95 143 -1 
55 114 139 -1 
2 21 81 147 -1 
59 106 -1 
104 -1 
15 166 176 -1 
16 60 92 108 130 -1 
9 40 102 131 136 142 170 -1 
37 54 75 79 109 112 113 -1 
29 77 119 145 150 163 173 -1 
20 23 24 84 -1 
3 123 126 175 -1 
56 63 103 171 -1 
69 118 135 156 167 -1 
137 149 159 169 -1 
42 96 127 144 -1 
7 13 28 51 90 101 -1 
65 158 -1 
30 31 35 50 67 82 105 180 -1 
27 132 160 165 -1 
74 128 -1 
18 85 -1 
33 46 -1 
52 57 88 117 134 161 -1 
45 138 -1 
4 11 99 110 -1 
5 8 62 141 178 -1 
10 72 83 -1 
