32 180 1 16 
11 63 103 104 123 149 -1 
5 16 98 113 146 159 169 -1 
10 -1 
85 95 106 139 -1 
-1 
134 136 -1 
7 126 165 -1 
25 29 62 96 133 137 168 170 173 179 -1 
21 50 64 87 162 -1 
100 130 132 -1 
18 23 37 81 151 161 176 -1 
73 93 -1 
27 30 128 -1 
14 99 122 143 172 175 -1 
83 94 150 152 177 -1 
15 17 35 45 66 140 -1 
41 54 60 61 68 89 145 155 -1 
47 72 97 116 124 125 141 -1 
3 8 34 38 92 101 117 118 164 180 -1 
6 13 52 108 154 157 -1 
9 49 78 114 147 -1 
22 26 44 55 57 105 109 127 142 -1 
33 42 70 84 110 153 166 -1 
48 86 158 171 -1 
28 69 75 77 111 120 178 -1 
2 12 138 144 -1 
32 46 79 90 167 -1 
24 102 107 148 160 163 174 -1 
40 53 65 119 135 -1 
20 58 59 67 80 91 112 121 -1 
4 31 43 51 56 74 115 129 -1 
19 36 39 71 76 82 88 131 156 -1 
