92 180 1 45 
-1 
118 -1 
146 -1 
160 -1 
101 110 141 -1 
21 31 69 108 -1 
29 139 159 -1 
79 -1 
24 -1 
7 -1 
8 83 148 -1 
44 99 -1 
124 -1 
9 30 58 87 -1 
180 -1 
17 78 95 107 -1 
22 127 137 -1 
60 171 -1 
54 -1 
144 -1 
64 -1 
43 147 -1 
11 12 113 132 138 157 -1 
63 178 -1 
90 -1 
97 128 -1 
28 -1 
-1 
105 114 126 -1 
122 -1 
161 -1 
20 80 -1 
37 125 -1 
5 18 92 150 -1 
-1 
26 33 -1 
-1 
-1 
52 104 158 -1 
42 96 136 -1 
39 71 -1 
6 93 145 -1 
3 169 -1 
41 89 94 -1 
27 98 172 -1 
70 100 179 -1 
86 164 -1 
152 -1 
-1 
15 -1 
82 111 -1 
120 -1 
102 129 168 -1 
51 56 72 81 -1 
62 163 -1 
84 134 -1 
38 117 -1 
23 25 35 154 166 -1 
162 -1 
-1 
116 131 140 149 -1 
106 -1 
75 85 -1 
115 142 -1 
55 -1 
165 -1 
36 -1 
34 40 47 112 -1 
-1 
66 135 -1 
32 -1 
-1 
13 109 123 170 -1 
121 167 175 -1 
2 14 61 -1 
45 65 73 133 156 -1 
74 -1 
53 153 -1 
49 59 119 130 -1 
91 -1 
4 -1 
174 -1 
77 -1 
173 177 -1 
155 -1 
57 151 -1 
176 -1 
16 19 68 76 -1 
10 88 -1 
103 143 -1 
46 48 67 -1 
50 -1 
