78 180 1 38 
113 139 -1 
104 -1 
5 95 106 129 -1 
147 162 -1 
6 67 76 167 -1 
-1 
4 161 -1 
9 -1 
70 100 143 -1 
141 150 -1 
117 155 -1 
38 64 -1 
153 177 -1 
98 114 145 -1 
80 126 170 -1 
157 -1 
30 66 127 -1 
36 53 111 119 -1 
77 108 112 180 -1 
72 94 -1 
131 154 -1 
152 -1 
21 61 110 -1 
10 13 24 144 149 -1 
-1 
71 172 -1 
16 175 -1 
44 69 -1 
22 45 -1 
50 63 165 -1 
42 87 -1 
57 130 -1 
84 163 168 -1 
11 -1 
35 99 116 -1 
-1 
92 142 178 -1 
-1 
136 -1 
26 90 -1 
-1 
37 -1 
17 -1 
-1 
15 -1 
75 134 158 -1 
79 109 -1 
8 28 103 120 -1 
14 138 173 -1 
-1 
171 -1 
97 -1 
29 43 47 78 159 -1 
12 132 -1 
19 49 62 68 160 174 -1 
54 82 83 176 -1 
39 74 86 128 -1 
96 -1 
7 -1 
46 118 135 146 -1 
18 23 33 52 121 137 -1 
133 164 -1 
179 -1 
2 41 58 88 115 125 -1 
20 105 148 -1 
55 91 101 107 122 166 -1 
3 -1 
140 169 -1 
123 -1 
48 89 156 -1 
60 124 -1 
32 56 102 151 -1 
-1 
34 40 81 -1 
27 31 51 -1 
59 73 85 93 -1 
25 -1 
65 -1 
