84 180 1 42 
-1 
-1 
157 171 -1 
14 19 24 106 -1 
-1 
39 -1 
88 107 -1 
15 28 -1 
175 -1 
12 94 98 173 -1 
23 25 100 -1 
72 151 -1 
54 68 163 -1 
27 60 87 -1 
-1 
77 -1 
30 31 35 95 132 149 -1 
174 -1 
69 111 152 168 -1 
75 138 150 176 -1 
3 105 114 -1 
29 62 118 120 -1 
-1 
55 66 73 104 -1 
67 143 -1 
9 154 -1 
74 -1 
7 117 146 -1 
22 85 126 -1 
63 119 153 -1 
82 -1 
26 133 161 -1 
-1 
34 65 71 93 -1 
115 140 -1 
122 -1 
160 -1 
-1 
6 51 113 -1 
166 -1 
179 -1 
33 116 -1 
16 41 57 -1 
70 -1 
11 36 92 -1 
78 -1 
32 47 58 110 177 -1 
123 -1 
52 79 144 169 178 -1 
37 -1 
21 40 137 147 -1 
164 -1 
49 127 134 -1 
172 -1 
42 43 -1 
61 124 -1 
18 102 129 -1 
99 -1 
17 45 56 125 148 180 -1 
5 139 162 170 -1 
121 141 -1 
8 59 64 -1 
46 103 -1 
76 83 -1 
80 112 130 -1 
48 108 -1 
-1 
2 84 91 109 -1 
50 -1 
96 -1 
10 101 142 -1 
-1 
-1 
-1 
135 -1 
97 145 -1 
13 44 156 -1 
86 158 -1 
159 167 -1 
90 -1 
-1 
81 128 131 -1 
20 38 89 136 155 165 -1 
4 53 -1 
