56 180 1 28 
5 64 87 102 -1 
6 49 106 128 -1 
12 -1 
9 27 -1 
136 155 173 -1 
67 -1 
48 56 96 145 146 159 -1 
46 50 178 -1 
10 36 135 -1 
11 28 41 47 61 118 129 166 -1 
43 80 110 122 138 -1 
-1 
14 98 -1 
3 4 88 -1 
38 151 -1 
52 57 -1 
75 123 148 -1 
121 -1 
7 85 92 124 -1 
13 17 130 -1 
30 65 83 108 -1 
35 131 179 -1 
105 140 149 -1 
26 117 164 -1 
111 175 -1 
18 90 100 -1 
42 -1 
60 89 101 114 144 163 -1 
45 53 84 167 169 -1 
2 40 125 162 -1 
19 25 137 143 -1 
15 21 76 93 116 120 -1 
8 39 63 71 99 112 133 -1 
68 127 177 -1 
34 91 103 113 -1 
134 -1 
139 142 -1 
77 78 94 154 168 -1 
20 58 157 171 -1 
-1 
24 32 33 126 172 176 -1 
95 97 115 147 160 -1 
69 72 -1 
59 62 152 -1 
74 104 158 -1 
29 132 150 -1 
22 54 174 180 -1 
66 70 82 119 161 -1 
107 -1 
16 31 44 51 55 73 141 -1 
-1 
109 165 -1 
86 156 170 -1 
23 79 -1 
153 -1 
37 81 -1 
