44 180 1 22 
12 109 180 -1 
54 64 76 131 -1 
58 79 88 165 166 -1 
3 30 56 59 65 75 146 -1 
18 -1 
23 51 69 91 -1 
35 86 127 140 -1 
49 55 62 117 123 -1 
135 174 175 -1 
2 29 33 38 99 103 113 137 154 -1 
34 40 164 177 -1 
122 125 139 156 -1 
17 39 81 163 -1 
48 61 -1 
6 31 67 94 110 128 151 155 157 171 -1 
16 46 57 63 68 87 129 -1 
50 83 -1 
15 52 101 120 167 -1 
20 71 96 126 -1 
77 108 141 179 -1 
9 11 26 66 70 176 -1 
36 -1 
142 170 -1 
98 153 -1 
115 159 169 -1 
43 44 72 118 124 -1 
121 158 173 -1 
19 149 -1 
21 25 32 37 53 84 95 145 168 -1 
82 85 102 106 -1 
13 24 60 -1 
4 47 112 152 161 -1 
8 27 42 80 90 100 -1 
97 107 148 160 -1 
5 74 133 -1 
114 150 -1 
144 -1 
78 132 -1 
14 28 41 45 93 119 136 -1 
22 116 178 -1 
162 172 -1 
92 104 111 143 -1 
7 10 89 130 138 -1 
73 105 134 147 -1 
