76 180 1 38 
124 128 144 -1 
148 -1 
69 127 -1 
-1 
27 33 88 135 -1 
7 149 -1 
20 51 -1 
34 76 83 118 156 -1 
13 25 56 103 -1 
61 169 -1 
26 130 161 -1 
-1 
43 52 75 -1 
39 165 -1 
44 -1 
139 -1 
-1 
28 57 154 -1 
68 133 -1 
24 109 155 162 172 -1 
21 72 99 129 -1 
5 66 160 -1 
90 107 138 -1 
86 -1 
4 45 60 95 168 -1 
18 105 -1 
145 -1 
-1 
-1 
146 -1 
29 -1 
6 38 101 102 -1 
16 96 131 -1 
70 117 -1 
31 81 104 -1 
40 -1 
151 157 180 -1 
19 46 55 59 111 113 -1 
3 42 77 -1 
36 -1 
-1 
-1 
54 -1 
47 120 164 -1 
9 112 125 136 -1 
2 94 -1 
153 179 -1 
35 41 85 -1 
32 106 143 -1 
78 114 147 176 178 -1 
62 65 79 -1 
119 177 -1 
11 115 158 167 -1 
30 91 110 -1 
97 -1 
22 137 -1 
73 -1 
87 126 -1 
49 71 80 122 159 -1 
12 89 140 -1 
-1 
15 63 82 -1 
10 58 84 121 -1 
23 116 -1 
74 108 -1 
100 123 -1 
-1 
50 93 132 175 -1 
14 173 -1 
67 92 141 163 174 -1 
53 64 -1 
17 48 134 166 -1 
8 150 170 -1 
152 171 -1 
142 -1 
37 98 -1 
