22 180 1 10 
39 44 74 117 128 140 163 166 173 -1 
20 64 67 90 109 111 118 120 134 155 168 -1 
35 51 73 156 162 169 172 180 -1 
7 32 49 85 100 114 137 146 -1 
26 61 92 123 135 142 -1 
12 76 103 151 161 -1 
5 14 21 22 48 66 81 87 91 96 98 101 110 126 143 -1 
18 27 58 62 113 145 153 -1 
71 88 97 107 119 150 -1 
8 15 57 65 72 79 83 136 -1 
42 121 131 152 167 171 -1 
10 13 29 31 38 43 52 68 75 86 108 112 133 178 -1 
2 3 19 46 54 116 124 125 129 160 -1 
4 9 36 37 40 41 47 50 82 139 157 179 -1 
33 34 95 102 144 147 174 177 -1 
24 56 63 77 78 89 105 122 132 154 -1 
11 69 127 138 158 -1 
60 70 80 104 -1 
23 141 148 149 164 165 175 176 -1 
45 55 130 159 170 -1 
6 16 30 59 93 99 106 -1 
17 25 28 53 84 94 115 -1 
