58 180 1 28 
77 90 106 115 -1 
21 35 59 68 117 134 168 -1 
109 147 164 -1 
179 -1 
7 103 154 -1 
22 66 -1 
40 173 -1 
88 119 -1 
141 -1 
112 -1 
19 -1 
11 45 128 178 -1 
120 129 -1 
25 94 152 -1 
8 78 111 180 -1 
76 158 -1 
23 30 67 100 163 165 175 -1 
42 -1 
3 38 89 101 159 -1 
60 72 -1 
2 16 46 124 126 130 131 139 -1 
107 -1 
113 160 -1 
104 -1 
17 85 177 -1 
5 44 71 74 75 95 127 -1 
34 37 105 151 -1 
80 -1 
12 27 43 57 136 -1 
9 96 132 150 -1 
18 156 -1 
29 48 -1 
56 73 -1 
137 143 -1 
4 55 97 157 176 -1 
32 84 122 135 171 -1 
-1 
10 110 121 -1 
15 155 162 -1 
54 70 133 140 -1 
148 172 -1 
61 79 83 91 174 -1 
47 51 -1 
31 39 41 62 -1 
26 36 116 118 153 -1 
64 -1 
28 142 144 149 -1 
49 145 169 170 -1 
6 108 114 -1 
33 69 86 166 -1 
50 81 102 167 -1 
13 -1 
14 99 146 -1 
52 65 82 93 138 -1 
58 123 161 -1 
53 63 92 98 -1 
20 87 -1 
24 125 -1 
