10 180 1 4 
5 19 20 21 51 60 77 86 102 104 107 110 118 142 148 150 154 155 156 161 165 -1 
10 13 35 37 47 61 79 81 83 133 135 -1 
2 6 28 31 40 45 74 85 91 94 111 115 129 130 143 152 162 163 164 168 170 176 -1 
3 11 17 29 38 43 58 71 95 99 103 108 116 122 139 145 147 153 157 159 179 -1 
7 25 27 34 48 49 55 68 69 72 73 78 96 128 141 149 160 167 171 173 175 -1 
8 9 12 39 53 57 82 106 117 119 120 123 144 146 -1 
16 18 32 36 44 50 59 66 75 90 92 100 112 113 121 134 158 174 177 -1 
14 22 24 33 84 87 93 101 114 124 131 132 178 -1 
26 30 41 52 54 56 62 70 76 80 88 89 97 105 109 136 137 138 140 151 166 169 172 -1 
4 15 23 42 46 63 64 65 67 98 125 126 127 180 -1 
