88 180 1 44 
84 -1 
6 -1 
30 37 83 116 145 165 -1 
61 -1 
22 -1 
44 -1 
16 52 155 -1 
62 -1 
122 153 -1 
27 97 112 140 -1 
113 141 156 166 175 -1 
33 169 -1 
2 71 -1 
41 66 180 -1 
20 51 174 -1 
25 39 85 87 -1 
54 -1 
167 -1 
-1 
90 101 -1 
-1 
108 147 -1 
48 172 -1 
8 149 -1 
58 -1 
10 38 68 88 117 -1 
11 76 176 -1 
14 19 36 -1 
7 129 157 -1 
32 98 -1 
114 118 -1 
-1 
107 -1 
89 110 134 -1 
24 91 -1 
26 29 -1 
128 159 -1 
5 99 -1 
60 -1 
46 -1 
-1 
131 177 -1 
163 -1 
17 65 127 -1 
77 82 135 -1 
59 104 160 -1 
95 -1 
-1 
47 137 -1 
-1 
78 171 -1 
-1 
170 -1 
13 125 154 -1 
-1 
21 69 123 -1 
18 80 161 -1 
72 102 -1 
49 92 142 -1 
152 158 -1 
31 75 150 173 -1 
73 -1 
100 -1 
12 -1 
109 -1 
-1 
9 103 -1 
4 35 63 -1 
74 96 168 178 -1 
43 50 53 132 139 -1 
105 -1 
23 94 121 126 -1 
-1 
3 40 106 -1 
120 144 -1 
81 148 -1 
28 64 70 130 -1 
34 42 55 146 -1 
45 93 115 -1 
138 -1 
111 -1 
124 151 164 -1 
15 -1 
67 133 179 -1 
57 -1 
79 162 -1 
56 119 -1 
86 136 143 -1 
