72 180 1 36 
45 90 -1 
66 118 141 -1 
37 80 -1 
103 156 -1 
2 10 35 -1 
4 53 93 -1 
13 16 68 112 138 172 -1 
5 19 158 -1 
8 20 55 98 -1 
33 132 -1 
46 79 170 -1 
17 107 124 162 -1 
38 114 168 -1 
30 -1 
109 -1 
110 143 -1 
52 56 59 167 -1 
64 106 -1 
95 96 175 -1 
15 127 -1 
34 -1 
23 48 71 -1 
69 128 160 -1 
147 -1 
40 41 105 -1 
49 177 -1 
14 26 50 140 153 155 -1 
89 117 145 151 -1 
72 87 100 -1 
21 121 142 -1 
11 63 115 148 -1 
111 163 169 -1 
77 -1 
61 88 125 -1 
57 131 -1 
122 -1 
146 149 -1 
76 -1 
7 28 85 99 113 -1 
60 144 -1 
6 24 104 -1 
3 116 -1 
-1 
12 32 157 -1 
-1 
94 176 -1 
-1 
108 119 -1 
83 179 180 -1 
58 -1 
9 62 -1 
70 -1 
43 -1 
134 135 -1 
81 161 174 -1 
27 -1 
22 67 86 102 120 136 -1 
74 -1 
-1 
92 139 -1 
164 -1 
36 54 97 123 130 -1 
152 -1 
133 -1 
25 47 78 101 166 -1 
31 173 -1 
18 29 -1 
42 51 65 82 126 154 165 -1 
75 91 178 -1 
44 73 137 150 171 -1 
159 -1 
39 84 129 -1 
