24 180 1 12 
5 34 39 104 151 159 -1 
18 47 51 139 -1 
30 44 66 113 135 137 -1 
76 85 101 107 130 131 145 158 175 177 -1 
4 14 24 32 46 54 128 133 142 178 -1 
8 38 79 83 115 123 125 153 171 -1 
12 19 28 36 62 161 176 -1 
56 126 -1 
11 53 65 72 84 92 97 99 118 132 152 157 -1 
22 43 58 100 -1 
26 41 49 81 110 117 149 170 -1 
10 31 67 93 122 127 140 147 165 166 168 -1 
13 17 27 37 71 78 129 138 143 -1 
2 29 35 42 48 90 91 98 109 141 154 169 -1 
9 57 63 69 70 95 114 120 150 -1 
61 74 148 -1 
33 64 75 89 94 96 144 179 -1 
25 50 59 77 111 124 134 164 -1 
20 23 136 -1 
15 21 55 60 105 106 116 121 -1 
6 40 68 86 103 119 155 162 -1 
3 7 82 87 88 108 146 163 174 180 -1 
16 52 73 80 102 156 160 -1 
45 112 167 172 173 -1 
