66 180 1 32 
15 31 117 158 -1 
33 108 136 143 -1 
8 87 116 139 -1 
44 142 173 180 -1 
79 94 96 144 175 -1 
14 30 47 149 154 -1 
138 -1 
13 76 162 177 -1 
3 11 24 99 115 125 170 174 -1 
43 64 153 -1 
147 156 -1 
4 102 128 -1 
32 93 172 -1 
58 78 98 -1 
21 40 69 -1 
155 -1 
105 110 111 164 -1 
2 -1 
140 -1 
51 90 -1 
-1 
103 145 -1 
22 27 61 -1 
16 38 67 107 -1 
10 41 54 89 104 -1 
-1 
74 80 -1 
75 77 82 169 -1 
109 114 -1 
131 161 -1 
165 -1 
25 118 -1 
122 -1 
17 37 132 -1 
57 -1 
100 129 134 -1 
159 -1 
6 86 133 135 -1 
70 157 -1 
91 -1 
5 68 95 97 137 -1 
18 -1 
35 160 166 -1 
19 -1 
-1 
12 53 71 85 178 -1 
121 124 127 150 -1 
148 171 -1 
-1 
-1 
26 34 36 52 59 84 119 -1 
62 72 179 -1 
9 45 83 88 176 -1 
20 -1 
29 39 50 106 -1 
55 56 65 101 113 141 146 -1 
-1 
23 49 168 -1 
151 163 -1 
46 60 126 -1 
-1 
63 120 130 -1 
7 -1 
48 73 123 152 167 -1 
66 -1 
28 42 81 92 112 -1 
