54 180 1 26 
144 148 -1 
23 137 174 -1 
2 20 47 79 95 110 158 -1 
13 45 118 162 -1 
67 163 -1 
41 87 122 143 153 156 167 -1 
12 14 50 100 168 179 180 -1 
9 160 -1 
92 157 -1 
3 40 46 53 61 69 85 99 146 -1 
7 102 164 -1 
5 43 64 125 134 -1 
10 31 37 -1 
19 22 71 129 139 -1 
63 91 155 -1 
48 57 59 88 107 117 123 -1 
-1 
26 68 114 138 177 -1 
75 78 83 112 159 -1 
28 29 104 119 127 149 -1 
49 77 80 -1 
98 -1 
21 25 39 81 173 -1 
4 15 18 72 120 121 -1 
33 131 -1 
175 -1 
38 58 65 101 169 -1 
96 141 -1 
8 54 108 -1 
36 128 142 170 172 178 -1 
16 86 151 -1 
24 133 -1 
55 -1 
30 42 -1 
94 105 -1 
27 73 130 176 -1 
126 161 -1 
11 -1 
51 113 145 -1 
32 -1 
34 44 74 97 124 -1 
62 115 150 -1 
103 135 -1 
132 -1 
6 52 152 171 -1 
17 84 90 -1 
60 66 76 116 166 -1 
82 109 147 -1 
89 -1 
140 -1 
106 -1 
70 93 -1 
111 154 165 -1 
35 56 136 -1 
