130 30 1 61 
-1 
13 -1 
7 16 -1 
18 -1 
-1 
10 24 -1 
-1 
-1 
-1 
-1 
-1 
-1 
-1 
11 29 -1 
-1 
-1 
-1 
-1 
6 -1 
-1 
-1 
-1 
-1 
-1 
-1 
-1 
-1 
-1 
-1 
-1 
21 -1 
23 -1 
5 -1 
-1 
-1 
30 -1 
-1 
-1 
-1 
-1 
-1 
-1 
-1 
-1 
-1 
-1 
-1 
-1 
-1 
-1 
-1 
8 -1 
-1 
-1 
-1 
-1 
-1 
-1 
-1 
17 19 28 -1 
-1 
-1 
-1 
-1 
-1 
-1 
12 -1 
-1 
-1 
4 -1 
-1 
-1 
-1 
-1 
-1 
-1 
-1 
22 -1 
-1 
-1 
-1 
15 -1 
-1 
-1 
-1 
-1 
-1 
-1 
9 -1 
-1 
-1 
-1 
-1 
-1 
-1 
-1 
-1 
20 -1 
-1 
-1 
-1 
25 -1 
-1 
-1 
-1 
2 -1 
-1 
27 -1 
-1 
-1 
-1 
-1 
-1 
-1 
-1 
-1 
-1 
3 -1 
-1 
-1 
-1 
-1 
-1 
-1 
-1 
-1 
14 -1 
-1 
26 -1 
-1 
