27 365 1 12 
10 12 16 24 75 95 109 195 208 216 219 235 249 275 295 316 325 348 357 -1 
58 73 130 137 157 182 239 247 260 267 271 284 337 -1 
4 28 60 65 83 132 155 203 212 250 262 326 343 346 -1 
11 69 81 103 126 139 200 229 273 309 314 327 360 -1 
15 41 56 66 77 88 107 129 144 149 162 206 207 244 259 351 -1 
9 18 23 25 33 37 63 68 94 102 121 147 159 224 231 236 281 282 329 -1 
14 19 29 40 71 74 125 128 168 188 194 227 243 263 299 318 322 330 335 -1 
30 78 135 183 197 205 297 331 344 349 352 -1 
50 64 110 167 218 221 237 240 279 302 340 359 365 -1 
20 39 118 276 280 293 -1 
8 13 52 84 150 202 251 268 272 304 332 333 -1 
26 42 89 116 136 140 158 177 184 233 301 305 345 364 -1 
72 79 93 145 148 153 161 178 191 192 264 265 283 289 323 339 355 356 -1 
6 21 48 106 141 156 217 242 300 311 313 336 358 -1 
17 27 43 51 54 61 104 111 115 151 154 170 181 185 278 321 334 -1 
5 80 98 112 120 160 163 186 223 228 319 361 -1 
70 76 105 166 -1 
44 82 91 143 169 174 225 232 248 256 258 261 306 -1 
22 38 46 113 119 122 164 175 180 189 220 230 252 303 315 354 363 -1 
7 92 146 245 270 307 310 342 -1 
35 49 86 173 215 296 347 -1 
2 32 57 100 101 117 127 133 165 204 246 266 277 285 290 350 353 -1 
3 87 96 108 114 134 172 176 201 209 287 288 320 -1 
45 47 55 67 99 131 190 199 213 234 253 291 308 -1 
31 62 85 97 138 142 179 196 210 269 274 294 312 317 324 -1 
36 59 123 124 171 187 198 211 214 222 241 254 292 328 362 -1 
34 53 90 152 193 226 238 255 257 286 298 338 341 -1 
