34 365 1 16 
15 27 84 194 225 322 334 -1 
10 63 93 138 154 218 269 -1 
179 204 216 237 255 279 312 315 317 353 -1 
19 40 122 146 169 201 214 263 292 -1 
13 57 61 67 102 193 212 231 246 333 335 341 -1 
5 35 58 77 87 111 163 168 202 217 252 270 304 361 -1 
23 24 36 78 104 112 136 272 284 358 -1 
2 26 62 95 105 106 123 129 143 153 176 228 236 267 346 -1 
51 92 97 132 339 349 -1 
52 55 118 207 208 227 234 239 326 345 -1 
16 20 166 195 347 354 359 -1 
11 50 59 81 139 164 174 253 290 -1 
33 45 76 83 90 160 165 167 243 -1 
72 73 108 117 128 157 224 249 258 265 281 -1 
32 68 79 120 141 161 171 173 177 254 328 365 -1 
6 12 42 64 88 91 206 245 288 297 307 310 320 -1 
3 85 99 149 242 282 342 -1 
28 56 86 89 115 155 175 220 221 244 250 293 294 340 -1 
4 17 21 74 116 130 152 181 188 259 285 356 357 -1 
34 44 94 110 158 159 191 209 248 276 278 323 343 -1 
80 147 162 199 211 223 264 286 305 319 336 337 350 362 -1 
14 29 43 69 133 135 192 197 266 274 289 298 -1 
48 53 189 238 -1 
8 66 71 107 114 131 178 182 196 200 268 306 311 -1 
39 54 121 124 125 150 213 222 229 301 313 316 352 -1 
96 210 251 256 273 302 331 -1 
7 9 98 113 127 140 156 184 185 308 318 325 363 -1 
22 30 46 49 60 100 142 144 151 170 187 203 219 247 261 291 299 321 338 360 -1 
18 126 137 145 240 257 277 303 351 -1 
31 65 82 226 271 283 287 314 355 -1 
38 47 70 148 172 233 260 280 296 324 329 330 348 364 -1 
75 103 134 186 205 235 309 327 -1 
25 37 41 109 119 180 183 190 198 215 230 241 275 300 332 -1 
101 232 262 295 344 -1 
