29 365 1 14 
17 66 117 184 217 239 246 298 305 342 343 357 -1 
12 27 34 52 62 74 80 154 158 209 232 234 241 256 307 312 337 346 355 -1 
2 4 28 39 60 75 90 110 115 136 162 173 286 288 297 321 323 339 341 -1 
70 85 104 138 155 197 203 247 284 291 327 334 348 350 -1 
19 47 71 76 79 86 151 185 211 212 281 317 335 358 -1 
41 53 96 160 181 183 189 240 293 362 363 -1 
20 22 44 64 91 101 108 124 139 147 213 218 295 326 333 -1 
9 14 16 72 102 131 194 214 237 243 322 -1 
5 21 33 68 92 127 133 134 152 156 204 206 249 257 264 280 329 -1 
23 83 106 146 168 175 190 225 235 251 261 272 282 304 308 338 344 353 -1 
13 35 140 148 163 199 278 296 328 347 -1 
42 58 103 120 141 161 164 223 255 265 292 300 310 351 354 -1 
3 8 40 61 73 97 166 186 196 207 269 287 311 314 319 336 356 359 -1 
32 46 50 95 112 122 123 132 216 253 266 276 332 -1 
24 65 116 191 195 201 224 -1 
38 43 48 135 137 179 233 236 242 250 254 268 302 -1 
51 54 98 118 149 187 273 -1 
59 77 82 113 121 130 231 238 245 260 289 294 365 -1 
7 10 45 49 56 88 89 142 143 176 221 283 290 318 325 -1 
30 99 150 170 178 208 215 219 227 244 270 275 316 331 352 -1 
15 57 78 100 125 128 228 229 252 303 340 -1 
84 87 119 157 159 172 259 271 324 345 349 -1 
25 105 111 126 -1 
6 36 37 63 67 93 167 169 200 262 279 301 309 -1 
11 26 29 174 177 192 202 -1 
18 31 55 69 145 171 182 193 205 220 230 248 274 313 320 330 361 -1 
81 107 114 222 267 -1 
94 129 144 153 165 180 188 210 226 299 306 360 364 -1 
109 198 258 263 277 285 315 -1 
