41 365 1 20 
53 75 92 100 143 241 244 257 335 -1 
164 175 185 186 210 266 267 274 308 -1 
35 38 103 199 204 206 263 302 324 -1 
19 39 68 123 172 281 305 363 -1 
56 86 154 230 240 248 320 339 -1 
47 62 66 69 88 90 110 113 145 155 156 194 215 -1 
23 80 108 119 177 191 205 220 245 332 354 -1 
61 82 127 218 222 262 273 309 347 -1 
52 95 106 115 161 203 327 -1 
20 40 77 97 126 182 259 265 329 357 -1 
48 179 198 278 301 334 338 -1 
3 37 74 118 166 195 238 246 290 303 365 -1 
57 81 83 99 116 134 151 168 180 212 216 353 -1 
104 142 183 208 209 233 236 -1 
54 55 144 258 306 322 337 360 -1 
15 41 136 146 276 283 289 295 341 -1 
30 225 249 269 330 -1 
12 26 44 101 124 138 162 235 -1 
4 73 254 260 282 286 -1 
9 45 79 114 187 228 272 311 352 -1 
18 112 152 160 202 229 287 293 298 314 325 350 -1 
5 11 59 87 89 121 125 140 174 284 310 321 -1 
72 76 85 159 211 223 333 349 358 359 -1 
36 51 128 149 190 227 231 239 268 297 315 331 361 364 -1 
28 133 157 242 243 256 -1 
7 91 102 105 275 -1 
46 120 122 131 158 192 237 253 279 304 319 351 -1 
16 21 32 58 65 94 117 184 221 270 307 -1 
25 33 130 153 196 197 280 294 317 318 -1 
63 147 247 255 292 299 340 342 -1 
150 171 207 252 336 356 -1 
10 14 17 24 29 34 84 93 109 141 201 213 219 285 288 -1 
2 31 67 132 188 234 277 312 -1 
71 98 137 264 355 362 -1 
13 107 173 250 296 326 344 346 -1 
165 169 189 224 -1 
6 49 50 181 226 348 -1 
42 43 60 96 111 148 163 167 170 217 251 271 316 323 345 -1 
27 129 135 200 214 232 291 328 343 -1 
8 22 64 78 139 313 -1 
70 176 178 193 261 300 -1 
