42 365 1 20 
157 168 206 268 290 -1 
41 43 62 119 122 124 143 201 266 334 -1 
53 60 148 162 207 241 249 305 308 327 -1 
18 86 103 111 130 137 138 291 -1 
63 97 99 113 324 361 -1 
5 57 85 160 174 248 254 259 261 271 274 331 340 342 -1 
3 12 22 132 142 211 238 256 365 -1 
55 163 193 295 309 335 -1 
29 46 93 128 149 195 250 283 289 304 354 -1 
23 70 73 140 175 185 286 362 -1 
78 117 154 169 222 318 353 -1 
4 76 100 158 202 278 314 323 330 -1 
14 17 30 104 236 252 253 265 273 321 355 -1 
89 106 152 262 -1 
16 52 109 184 188 200 336 -1 
39 98 165 170 218 258 275 287 -1 
35 108 121 136 177 213 223 226 300 338 339 358 -1 
8 10 31 40 77 147 159 199 231 235 257 -1 
26 114 180 233 302 312 326 -1 
15 51 125 126 144 172 220 240 245 281 293 344 -1 
27 48 54 58 64 65 79 84 151 179 198 224 232 251 294 315 -1 
107 194 243 -1 
13 33 102 120 139 197 229 237 313 343 350 -1 
11 25 49 80 209 216 242 345 360 -1 
36 74 131 181 227 269 -1 
42 47 67 81 95 155 210 272 332 341 363 -1 
9 24 88 127 192 203 230 263 307 347 -1 
28 45 279 288 -1 
90 105 186 204 219 221 255 299 346 -1 
61 101 112 116 141 171 244 264 317 337 -1 
7 56 66 72 94 214 234 276 -1 
32 50 68 189 190 191 239 -1 
2 91 92 173 178 277 333 -1 
69 118 129 187 212 270 285 310 316 328 356 357 -1 
6 150 217 282 292 319 329 351 359 -1 
37 110 133 176 183 205 215 298 -1 
20 34 44 59 153 166 208 225 228 303 320 348 -1 
75 83 134 146 156 167 280 284 301 306 -1 
21 38 123 161 182 247 267 322 -1 
19 87 115 135 164 196 349 -1 
71 96 296 297 311 325 352 -1 
82 145 246 260 364 -1 
