31 365 1 14 
35 39 69 75 102 125 163 178 217 239 256 258 281 291 307 350 354 362 -1 
17 29 139 147 183 193 293 303 305 351 352 -1 
11 14 23 58 77 80 89 90 109 110 124 136 161 162 190 230 243 308 311 321 338 -1 
26 30 116 215 249 284 286 318 336 -1 
114 168 195 209 265 289 296 329 337 347 -1 
15 18 38 46 66 83 103 129 149 156 201 324 342 -1 
55 64 106 160 165 175 219 227 237 242 264 -1 
13 68 79 146 179 211 250 276 -1 
8 32 65 99 247 267 316 327 -1 
96 150 158 226 238 260 277 300 306 -1 
34 72 143 155 222 228 269 287 292 310 315 326 330 -1 
51 85 107 131 207 214 259 345 357 360 -1 
20 36 59 60 97 148 180 182 224 323 363 -1 
47 78 98 152 213 231 294 295 301 317 319 344 -1 
10 22 48 56 81 138 153 176 200 204 233 275 359 365 -1 
6 40 49 113 118 119 123 164 166 181 198 205 221 225 263 272 288 -1 
82 115 132 145 299 339 343 -1 
16 21 28 61 70 76 88 91 95 120 128 130 137 187 191 196 229 245 304 -1 
42 52 63 71 111 126 134 173 189 202 203 232 251 253 346 -1 
7 19 24 54 67 84 127 220 235 271 282 335 -1 
108 122 141 192 241 254 257 261 302 -1 
25 167 194 197 255 268 285 -1 
44 45 101 117 154 252 313 334 353 355 356 -1 
62 73 74 104 105 159 186 208 216 236 278 279 331 340 348 -1 
12 37 41 50 92 199 240 328 332 -1 
57 121 157 170 212 266 290 349 358 -1 
5 94 112 185 234 270 274 280 361 364 -1 
2 86 151 169 223 320 -1 
3 43 87 93 100 135 144 184 218 309 314 333 -1 
31 53 133 171 188 210 262 283 322 341 -1 
4 9 27 33 140 142 172 174 177 206 244 246 248 273 297 298 312 325 -1 
