47 365 1 22 
88 107 172 197 -1 
5 12 19 41 156 187 243 267 289 304 319 326 344 -1 
62 108 117 182 259 -1 
49 51 69 81 119 158 193 229 232 252 263 271 -1 
31 37 46 129 131 204 211 230 323 347 348 -1 
34 94 113 143 196 205 220 253 318 342 350 -1 
128 198 256 -1 
22 80 135 137 139 144 246 305 353 -1 
64 66 125 154 163 292 296 333 362 -1 
10 33 61 171 186 194 195 257 266 299 356 -1 
8 90 175 178 180 249 297 302 341 358 -1 
11 27 59 168 184 199 222 258 281 287 293 -1 
4 24 77 209 210 308 354 -1 
74 82 223 309 328 355 -1 
32 38 99 134 153 185 235 237 282 -1 
6 28 202 352 -1 
73 91 173 236 240 -1 
47 55 138 164 284 337 -1 
14 177 218 275 351 -1 
127 147 261 312 330 334 335 365 -1 
20 40 44 56 87 118 121 122 181 190 306 -1 
3 52 151 250 322 332 -1 
214 219 221 268 310 -1 
30 45 75 78 116 192 226 -1 
54 98 161 290 338 339 -1 
43 65 123 140 188 345 -1 
58 105 152 207 213 238 251 285 294 329 359 364 -1 
23 70 97 109 114 136 208 303 317 349 -1 
110 120 183 247 288 307 -1 
48 124 130 155 325 357 -1 
86 92 132 200 255 279 -1 
42 63 159 224 239 291 -1 
142 311 -1 
9 21 60 203 295 301 -1 
50 68 72 96 100 217 227 241 262 316 -1 
7 25 39 145 166 170 264 278 336 346 -1 
112 167 201 254 300 343 -1 
17 67 71 126 146 160 176 179 189 320 327 -1 
13 265 274 276 321 340 360 -1 
85 93 106 148 174 206 212 216 248 272 313 -1 
29 79 95 101 103 242 260 298 -1 
35 76 83 115 149 165 270 277 331 -1 
36 57 162 233 283 286 314 315 324 -1 
18 102 157 191 225 244 269 361 -1 
16 89 111 133 169 215 245 -1 
84 150 231 234 280 -1 
2 15 26 53 104 141 228 273 363 -1 
