23 365 1 10 
66 216 222 232 279 280 295 328 349 355 -1 
8 38 77 149 177 220 236 274 305 312 -1 
26 29 72 104 117 121 127 131 145 159 193 201 210 215 244 263 264 283 300 308 338 343 351 362 -1 
27 46 57 59 62 124 129 137 181 195 213 217 261 359 -1 
3 5 7 32 39 41 55 186 187 189 190 209 221 226 268 277 286 292 296 304 316 342 347 -1 
94 106 122 132 179 223 235 284 307 323 327 361 -1 
23 35 36 51 65 144 170 174 204 218 228 229 231 255 335 356 358 -1 
16 69 92 99 107 115 152 165 167 171 182 191 214 239 276 315 -1 
14 96 100 108 110 118 134 136 139 158 172 224 250 303 309 317 -1 
28 33 45 58 76 86 102 153 163 166 185 211 257 285 287 293 319 333 -1 
13 24 54 82 90 178 199 200 246 270 298 302 310 334 -1 
4 21 75 79 109 114 151 161 162 173 230 240 256 306 311 336 353 -1 
9 31 48 73 85 89 125 138 143 146 156 168 194 205 272 275 288 291 294 320 345 -1 
11 44 52 53 133 141 154 175 203 219 234 242 253 254 259 281 314 325 340 -1 
2 15 42 47 61 67 81 126 147 148 197 249 260 265 266 290 318 321 322 330 350 352 -1 
10 18 22 50 68 70 88 119 123 157 160 180 202 207 208 301 363 -1 
63 83 91 101 130 164 248 258 348 -1 
64 74 113 135 243 278 289 329 337 339 364 -1 
12 20 25 37 78 84 111 140 142 188 192 196 206 212 247 251 273 313 341 -1 
30 40 43 49 150 183 241 262 267 269 297 324 365 -1 
19 71 93 97 98 103 155 169 184 225 233 238 245 252 282 346 354 357 -1 
6 17 34 56 60 105 128 227 326 331 332 344 360 -1 
80 87 95 112 116 120 176 198 237 271 299 -1 
