16 365 1 8 
6 74 75 129 144 146 148 172 198 216 218 235 261 276 289 302 309 338 356 -1 
9 10 11 14 22 31 48 56 77 80 101 108 111 119 123 150 179 201 221 232 241 248 264 300 313 322 332 344 349 -1 
2 39 51 62 66 88 102 105 135 151 165 187 209 227 237 239 245 255 262 286 -1 
16 21 42 63 79 98 99 109 113 117 118 132 136 142 145 157 181 191 196 200 230 247 260 265 266 272 295 308 -1 
25 54 55 60 84 104 115 122 130 162 164 177 214 222 236 244 249 288 297 321 350 354 -1 
18 36 43 52 81 92 107 152 204 211 257 280 290 318 347 364 -1 
8 23 46 47 57 71 82 100 116 143 154 192 197 206 225 228 233 253 278 283 294 315 316 325 327 333 337 352 358 -1 
4 12 34 58 61 76 85 95 137 149 155 169 185 193 220 284 319 -1 
5 20 30 32 41 93 106 161 207 231 240 246 250 263 277 279 281 287 312 343 348 353 -1 
13 15 28 33 37 53 59 69 89 90 94 97 110 120 140 153 156 166 170 174 175 176 186 202 213 267 282 293 301 303 306 329 334 341 357 361 -1 
3 29 35 45 83 86 103 131 138 147 184 188 199 217 224 258 296 304 311 317 331 339 346 -1 
17 26 65 112 126 128 158 180 182 189 190 195 203 210 215 238 242 252 336 363 -1 
27 40 44 67 70 73 78 133 134 160 171 173 259 268 269 271 310 323 326 328 355 -1 
24 38 49 91 114 124 163 167 178 208 219 226 229 234 251 256 285 291 292 298 351 359 360 -1 
7 19 50 72 87 121 127 159 168 194 212 243 299 314 324 335 340 342 345 365 -1 
64 68 96 125 139 141 183 205 223 254 270 273 274 275 305 307 320 330 362 -1 
