17 365 1 8 
35 45 64 77 82 118 138 175 180 182 190 191 208 224 226 228 236 237 270 285 314 339 349 365 -1 
15 39 114 165 169 197 265 277 288 295 308 309 310 333 350 -1 
18 29 57 75 94 120 126 133 159 178 233 234 238 245 257 278 299 301 305 319 342 -1 
7 14 48 55 139 173 181 189 205 210 215 255 261 267 -1 
10 19 38 40 43 53 66 81 85 86 87 95 99 107 148 157 195 199 225 251 252 268 272 273 276 311 328 -1 
6 13 25 26 44 70 102 104 112 117 134 140 161 183 184 204 231 296 320 325 334 336 344 -1 
20 31 60 92 106 129 136 142 146 166 188 200 218 221 235 253 259 287 315 321 340 356 -1 
4 5 23 24 33 62 122 131 170 174 279 291 322 330 335 338 346 -1 
12 16 17 41 46 49 84 89 110 125 171 172 179 186 202 211 219 230 242 247 260 297 363 -1 
21 34 76 78 96 137 147 153 155 160 194 207 282 286 289 290 302 312 317 337 351 359 -1 
30 32 50 61 65 72 79 97 101 108 109 164 192 214 220 227 262 264 280 298 323 345 355 361 -1 
2 51 54 56 59 113 116 123 135 144 152 185 187 229 240 274 303 307 326 343 -1 
9 27 36 52 63 69 90 128 150 162 168 196 209 223 232 248 263 266 269 275 293 304 331 352 354 357 358 -1 
11 22 37 83 88 93 119 141 154 193 244 258 306 313 332 347 -1 
3 8 71 73 91 98 100 103 111 130 132 145 151 158 163 198 203 216 217 222 239 283 292 318 324 -1 
67 68 74 80 115 121 127 149 167 176 201 212 241 243 254 271 281 327 341 353 360 364 -1 
28 42 47 58 105 124 143 156 177 206 213 246 249 250 256 284 294 300 316 329 348 362 -1 
