14 180 1 6 
17 28 40 45 56 60 112 116 119 131 152 157 165 171 -1 
7 9 34 68 76 89 90 95 127 149 150 159 180 -1 
3 10 20 58 83 86 87 107 115 123 166 173 -1 
12 62 73 88 100 120 143 146 147 169 176 -1 
8 19 44 46 51 57 59 63 66 69 84 104 105 111 138 140 177 -1 
11 31 48 67 92 96 98 108 132 133 134 135 151 -1 
4 23 33 41 54 78 80 81 126 148 155 156 161 163 167 170 175 -1 
5 25 29 70 74 97 114 144 158 172 -1 
35 49 53 102 117 128 162 174 179 -1 
2 13 14 18 36 47 50 55 79 103 139 142 145 153 164 -1 
24 26 42 61 64 65 82 91 101 113 121 122 137 -1 
37 38 71 72 77 93 109 110 118 124 129 141 160 -1 
6 21 27 30 39 43 85 94 130 -1 
15 16 22 32 52 75 99 106 125 136 154 168 178 -1 
