98 180 1 48 
-1 
-1 
7 16 -1 
108 124 174 -1 
28 84 -1 
-1 
128 -1 
159 169 -1 
33 116 -1 
65 -1 
18 80 149 -1 
-1 
51 -1 
4 76 -1 
42 64 136 -1 
164 178 -1 
180 -1 
12 35 40 50 156 168 177 -1 
-1 
-1 
166 -1 
106 127 -1 
-1 
41 91 122 171 -1 
120 -1 
-1 
-1 
147 -1 
-1 
6 115 -1 
27 82 97 -1 
129 158 -1 
71 -1 
61 66 90 172 -1 
25 162 -1 
141 -1 
-1 
104 -1 
22 -1 
15 -1 
37 63 -1 
139 143 -1 
96 151 161 -1 
69 86 107 -1 
21 45 -1 
73 83 155 -1 
125 -1 
130 -1 
60 -1 
-1 
47 95 121 -1 
32 146 -1 
57 -1 
112 144 -1 
-1 
67 72 78 167 -1 
30 94 101 -1 
-1 
10 52 -1 
3 20 157 -1 
23 36 70 75 109 154 -1 
8 38 54 117 148 -1 
31 -1 
77 111 -1 
-1 
59 118 119 137 176 -1 
140 -1 
14 55 -1 
105 110 133 175 -1 
85 134 -1 
113 -1 
74 -1 
13 81 131 -1 
2 9 44 132 170 -1 
11 24 49 89 145 -1 
102 163 -1 
153 -1 
92 -1 
34 53 -1 
98 -1 
17 46 79 93 -1 
99 160 -1 
56 135 -1 
-1 
43 58 -1 
26 123 -1 
5 150 -1 
68 -1 
103 114 165 -1 
19 88 179 -1 
-1 
126 142 -1 
-1 
152 173 -1 
48 87 -1 
29 39 62 -1 
138 -1 
100 -1 
