38 180 1 18 
46 48 49 59 129 -1 
15 37 60 89 104 140 180 -1 
39 109 172 -1 
10 65 92 -1 
41 51 114 148 150 -1 
55 56 71 171 174 -1 
38 73 95 106 159 -1 
7 16 102 113 130 137 149 154 -1 
96 131 161 -1 
52 85 111 118 133 143 167 -1 
4 17 24 30 36 58 64 69 105 -1 
83 97 103 116 -1 
27 35 40 44 93 98 135 -1 
42 47 81 -1 
77 79 100 145 151 166 177 -1 
25 33 62 74 115 119 128 -1 
28 57 134 156 164 -1 
11 162 -1 
21 50 84 146 -1 
22 70 107 124 -1 
14 20 66 110 -1 
138 139 -1 
19 117 120 121 127 158 160 -1 
91 108 136 152 165 -1 
6 67 82 147 -1 
142 157 -1 
5 126 144 176 -1 
43 53 90 -1 
2 26 68 72 76 78 86 94 125 169 -1 
45 101 178 -1 
99 155 163 -1 
31 61 80 88 132 -1 
34 112 173 175 179 -1 
8 9 13 23 29 87 168 -1 
3 -1 
18 32 54 63 75 122 -1 
123 153 170 -1 
12 141 -1 
