42 180 1 20 
30 48 101 -1 
23 79 108 125 166 -1 
54 148 -1 
57 102 107 137 159 -1 
11 36 103 117 144 -1 
18 41 157 168 169 -1 
8 16 43 46 65 66 81 82 113 122 -1 
4 22 39 59 67 71 177 -1 
72 85 90 -1 
27 91 -1 
12 114 172 -1 
80 -1 
94 170 175 -1 
35 167 -1 
49 51 61 111 124 132 -1 
31 40 92 -1 
2 9 97 99 118 -1 
28 29 38 53 76 89 112 128 141 156 164 -1 
33 45 78 180 -1 
13 47 55 56 74 142 152 178 -1 
44 64 135 143 174 -1 
24 84 93 105 120 139 -1 
73 109 173 -1 
83 96 104 119 -1 
10 69 121 162 -1 
34 136 -1 
3 58 98 110 -1 
26 88 95 147 -1 
6 154 -1 
20 21 50 -1 
77 106 131 158 -1 
5 15 63 160 -1 
68 75 134 140 -1 
25 70 87 126 130 145 153 -1 
138 -1 
17 37 123 150 161 165 -1 
19 146 151 -1 
52 60 115 127 163 171 -1 
42 86 129 -1 
14 116 149 -1 
32 62 100 176 179 -1 
7 133 155 -1 
