100 365 1 50 
256 329 -1 
13 72 112 265 339 -1 
87 96 163 323 -1 
85 244 -1 
52 77 206 225 -1 
32 168 364 -1 
211 214 302 -1 
78 121 249 340 -1 
31 259 -1 
133 180 201 343 -1 
35 238 246 274 278 289 312 355 -1 
202 281 -1 
157 255 307 -1 
124 229 247 291 359 -1 
154 220 224 241 -1 
98 258 342 -1 
118 155 363 -1 
67 75 95 122 145 160 335 -1 
2 126 264 -1 
60 109 294 -1 
324 328 -1 
174 254 338 356 -1 
127 136 270 315 -1 
65 93 162 -1 
10 46 -1 
21 30 251 263 275 -1 
39 53 111 129 332 -1 
56 57 90 233 -1 
5 107 -1 
34 54 146 185 354 -1 
187 234 347 -1 
108 128 230 -1 
41 58 61 308 309 358 -1 
26 63 132 167 261 353 -1 
144 -1 
23 82 106 190 -1 
4 151 362 -1 
38 50 164 248 252 288 -1 
28 193 194 351 357 -1 
232 -1 
33 62 94 110 139 297 331 -1 
228 344 345 -1 
280 290 350 -1 
27 70 172 295 334 346 -1 
20 64 217 223 -1 
17 196 269 -1 
80 89 102 104 105 341 -1 
55 73 173 176 177 219 -1 
22 29 119 205 -1 
152 -1 
101 123 181 -1 
42 192 239 327 352 -1 
24 45 48 161 198 310 318 -1 
99 150 199 236 253 266 267 292 299 365 -1 
14 -1 
9 76 175 314 -1 
103 130 306 -1 
68 79 231 243 300 -1 
7 19 59 293 320 349 -1 
36 44 120 316 -1 
134 156 159 260 -1 
16 210 242 250 -1 
138 186 326 330 -1 
3 143 195 268 -1 
25 204 237 301 304 -1 
74 296 -1 
218 333 -1 
11 209 272 276 298 -1 
116 317 361 -1 
83 -1 
51 114 221 -1 
135 183 184 216 262 -1 
43 149 240 -1 
6 92 131 137 166 203 215 -1 
100 140 282 -1 
88 227 273 286 -1 
-1 
165 182 311 321 325 -1 
81 158 287 -1 
15 97 257 279 303 -1 
115 207 245 348 -1 
191 200 212 -1 
8 18 84 169 271 -1 
141 -1 
189 -1 
37 213 -1 
69 170 235 -1 
142 337 -1 
360 -1 
-1 
-1 
66 285 313 319 -1 
49 113 -1 
147 178 226 336 -1 
-1 
40 86 117 -1 
91 153 171 283 322 -1 
47 71 -1 
12 125 148 277 305 -1 
179 188 197 208 222 284 -1 
