22 365 1 10 
5 49 59 140 144 205 260 265 280 323 354 -1 
9 47 51 53 103 117 131 146 191 200 211 225 239 266 269 299 315 -1 
20 26 74 80 90 114 132 188 192 230 287 293 320 324 336 -1 
29 45 55 58 86 95 99 126 136 159 164 171 219 224 258 261 295 328 341 355 -1 
4 13 18 35 40 87 89 101 226 241 285 300 321 343 -1 
10 32 42 46 93 111 115 149 157 242 268 306 318 327 340 347 362 -1 
12 16 25 34 50 52 60 71 81 108 153 175 177 263 279 342 363 -1 
2 44 67 77 96 102 137 155 168 202 215 216 232 319 325 337 344 345 349 357 -1 
6 21 38 75 118 119 120 156 179 208 220 228 244 259 278 284 297 298 333 358 -1 
39 54 63 158 166 194 221 302 307 311 312 316 329 351 359 -1 
15 27 33 65 78 84 100 112 123 151 173 181 196 223 231 246 313 326 361 -1 
8 19 57 88 106 121 135 145 161 169 193 235 248 249 257 267 274 330 332 -1 
31 94 142 143 174 182 187 198 251 277 288 304 310 -1 
22 28 43 66 69 85 91 178 206 213 218 237 254 271 292 294 322 334 364 -1 
61 64 79 83 98 104 122 129 134 139 148 162 170 227 240 275 276 281 335 338 348 365 -1 
3 7 11 14 56 72 76 92 150 180 214 217 245 264 309 339 350 352 353 360 -1 
68 167 222 229 290 301 -1 
17 23 109 124 130 133 138 176 233 247 270 286 303 -1 
36 48 70 110 116 128 172 186 204 207 212 236 256 262 317 331 -1 
30 97 113 183 209 234 238 252 253 282 289 305 -1 
24 41 62 82 105 127 141 147 154 184 195 201 203 210 250 283 296 314 -1 
37 73 107 125 152 160 163 165 185 189 190 197 199 243 255 272 273 291 308 346 356 -1 
