46 365 1 22 
6 41 73 252 351 -1 
23 85 130 172 209 221 231 -1 
4 14 24 53 66 83 98 165 185 283 -1 
18 29 40 51 174 214 326 331 -1 
64 80 87 187 218 226 265 289 340 -1 
26 30 163 204 207 304 -1 
81 142 190 257 259 266 292 348 -1 
13 17 68 144 146 148 233 280 343 -1 
58 60 71 90 96 121 263 -1 
107 205 296 309 -1 
139 189 208 254 312 322 324 -1 
171 183 277 302 329 -1 
99 112 113 127 193 249 333 364 -1 
108 118 281 -1 
31 37 94 153 191 202 256 278 306 311 317 330 352 -1 
125 179 203 247 347 -1 
69 86 110 129 161 167 170 182 272 286 335 -1 
2 48 244 253 270 293 -1 
16 25 62 155 282 360 -1 
22 92 152 297 344 -1 
5 35 76 95 101 123 133 141 149 219 260 268 285 332 -1 
12 103 210 225 299 350 -1 
105 239 243 258 339 -1 
3 11 88 120 298 342 357 -1 
15 109 169 175 217 279 301 346 359 -1 
55 65 126 140 181 229 232 236 242 -1 
7 67 91 150 151 186 192 199 -1 
57 75 111 248 321 -1 
20 44 100 138 156 157 177 180 230 262 338 -1 
122 162 211 269 -1 
34 36 77 168 215 224 250 294 300 308 313 316 354 355 -1 
27 28 39 134 158 238 251 261 320 361 362 -1 
21 42 173 194 195 197 200 220 290 337 -1 
82 106 176 275 288 314 315 -1 
54 72 104 131 166 222 327 -1 
19 45 70 74 164 184 188 216 227 267 303 -1 
33 43 56 124 137 334 -1 
47 84 255 295 -1 
32 59 115 143 196 201 325 336 -1 
46 50 78 79 245 310 -1 
8 117 119 136 147 234 237 246 271 287 291 318 328 353 -1 
52 61 89 160 240 307 341 356 -1 
9 49 114 116 145 154 223 264 365 -1 
93 97 102 128 132 178 198 273 363 -1 
10 38 63 135 159 206 212 228 305 319 349 358 -1 
213 235 241 274 276 284 323 345 -1 
