40 365 1 20 
23 44 66 68 87 171 192 200 201 270 287 304 328 334 -1 
48 55 99 115 116 117 140 228 267 283 361 -1 
113 182 207 241 260 294 306 323 342 -1 
15 27 79 190 312 340 -1 
31 61 142 150 159 195 210 256 315 360 -1 
166 272 281 325 335 -1 
2 24 33 42 52 72 108 125 198 229 242 261 268 290 317 355 364 -1 
37 58 73 90 119 208 250 271 319 327 338 -1 
69 127 145 179 180 186 224 265 284 309 314 -1 
51 104 219 -1 
36 49 74 83 160 173 255 337 -1 
13 84 161 203 204 215 252 310 321 341 346 -1 
17 64 88 94 105 120 144 147 211 249 253 273 285 313 353 354 -1 
12 50 53 110 172 -1 
3 28 92 231 286 329 348 351 357 -1 
8 76 98 154 155 193 263 280 -1 
132 165 257 264 318 -1 
45 60 152 175 191 205 209 236 237 299 324 326 352 -1 
32 78 85 181 184 216 262 278 295 358 -1 
34 81 111 148 185 218 246 269 302 333 356 -1 
29 59 106 124 131 174 344 -1 
25 41 89 107 143 158 162 169 289 316 320 -1 
30 93 112 130 134 177 222 232 330 362 -1 
43 122 164 226 276 291 301 307 331 -1 
146 202 227 245 -1 
4 103 168 176 206 233 243 -1 
22 38 129 149 151 163 187 275 343 345 -1 
26 67 141 157 279 311 -1 
19 194 197 288 322 332 349 350 -1 
62 65 86 97 101 121 153 247 -1 
14 91 167 189 214 230 308 -1 
16 18 21 40 123 221 292 339 347 365 -1 
77 96 135 188 213 217 225 238 239 259 277 303 -1 
5 7 20 35 133 274 -1 
9 11 71 80 102 109 170 183 212 258 296 300 359 -1 
39 46 54 100 128 138 139 178 248 251 305 -1 
82 95 136 240 266 282 363 -1 
6 118 244 254 298 336 -1 
10 56 57 63 70 114 126 196 199 220 223 234 -1 
47 75 137 156 235 293 297 -1 
