24 365 1 12 
51 52 56 75 80 83 88 102 126 134 151 159 162 168 170 171 177 183 200 204 283 285 290 296 348 -1 
14 29 35 65 92 106 114 129 179 188 202 207 214 230 297 307 345 -1 
17 37 39 123 132 141 152 155 181 196 238 249 267 323 328 358 -1 
10 12 47 61 96 99 111 133 145 193 257 258 305 339 360 -1 
79 89 104 120 125 149 176 234 273 291 292 343 365 -1 
15 34 94 109 116 205 243 246 261 269 299 326 335 341 349 359 -1 
19 53 71 90 121 130 253 279 311 313 316 329 333 -1 
76 112 139 157 161 172 189 233 277 289 318 -1 
25 27 36 84 153 186 218 220 248 263 304 354 356 -1 
3 40 45 164 190 221 254 276 282 286 294 357 361 -1 
13 22 42 69 70 117 136 140 147 154 222 231 245 250 252 264 265 320 324 332 346 353 362 -1 
4 6 62 110 201 211 229 363 -1 
58 60 81 119 158 166 198 237 260 337 355 -1 
11 23 41 44 66 182 212 288 298 -1 
7 20 31 54 57 85 97 103 115 206 217 224 251 266 270 275 302 340 -1 
46 86 138 173 187 219 236 303 -1 
16 18 108 113 142 174 199 208 228 241 242 287 306 327 334 344 347 -1 
2 9 32 67 98 156 194 203 216 239 314 336 350 351 352 -1 
28 30 63 72 77 100 165 191 225 232 274 284 295 308 309 322 -1 
93 101 127 148 184 195 235 259 272 280 319 325 -1 
21 24 33 43 68 78 105 122 135 180 197 209 215 226 227 244 256 364 -1 
5 8 64 91 95 118 124 128 137 146 163 169 178 192 247 268 281 300 312 342 -1 
26 38 48 49 59 73 74 87 107 131 150 160 167 175 213 255 262 271 293 301 310 315 317 321 330 331 338 -1 
50 55 82 143 144 185 210 223 240 278 -1 
