35 365 1 16 
16 101 129 153 166 196 204 252 262 283 292 295 317 -1 
104 107 120 151 157 197 273 285 305 330 -1 
8 43 58 178 234 337 -1 
33 118 190 200 205 213 264 280 304 335 357 -1 
11 17 164 187 211 247 255 296 310 318 345 350 -1 
12 22 26 27 30 68 102 109 147 159 222 298 323 -1 
36 66 90 150 167 236 243 258 260 315 327 -1 
59 64 162 176 208 209 268 287 321 347 -1 
28 108 140 158 220 244 344 352 -1 
80 116 130 173 210 253 334 -1 
21 42 57 63 106 135 177 203 261 -1 
15 35 44 47 53 61 110 138 155 169 185 189 192 303 313 -1 
38 55 86 115 199 224 235 246 355 362 -1 
31 133 226 250 314 328 -1 
37 70 84 111 175 215 219 307 356 -1 
14 24 25 39 45 62 65 87 93 119 125 148 239 312 340 360 -1 
74 76 79 91 174 198 276 324 -1 
2 23 112 163 201 -1 
9 143 165 181 227 274 309 333 339 341 346 353 -1 
77 92 160 186 202 325 -1 
18 69 98 103 128 132 142 145 184 188 212 214 218 263 266 267 284 326 332 -1 
85 134 194 221 228 233 270 279 291 322 351 363 -1 
7 54 75 180 182 277 297 -1 
4 20 41 94 100 114 232 257 265 272 293 299 319 361 364 -1 
34 50 168 240 242 302 320 331 -1 
3 10 13 40 52 67 121 122 137 179 183 191 259 286 329 349 -1 
48 97 195 216 217 229 256 282 -1 
5 29 46 49 81 95 127 170 275 288 -1 
19 73 152 206 290 316 -1 
56 71 83 99 105 131 139 144 225 237 254 300 348 358 -1 
32 89 123 154 281 301 308 -1 
6 51 60 117 172 251 338 342 -1 
78 82 96 136 156 193 207 245 278 -1 
88 113 124 141 146 161 223 230 231 238 241 248 289 306 359 365 -1 
72 126 149 171 249 269 271 294 311 336 343 354 -1 
