19 365 1 8 
2 13 48 49 80 83 106 121 138 177 178 180 209 232 240 273 302 308 317 -1 
3 9 18 37 38 46 107 139 141 165 175 197 214 234 256 285 291 339 358 -1 
105 120 122 124 198 199 252 275 304 332 341 345 -1 
14 31 34 51 59 60 70 77 125 128 145 163 189 208 220 224 244 259 266 267 290 293 301 320 335 -1 
21 22 26 36 45 62 82 84 109 123 142 147 155 173 221 235 242 248 261 272 323 326 336 337 343 -1 
29 52 65 102 110 111 116 131 151 168 170 193 211 253 287 296 321 327 355 359 365 -1 
41 54 92 94 133 134 154 160 174 176 203 212 219 233 250 299 313 316 329 348 -1 
33 44 61 69 74 75 81 85 96 100 115 148 161 167 195 205 282 303 340 357 -1 
39 40 71 87 103 126 130 136 146 157 159 183 200 210 218 230 262 278 361 -1 
6 11 25 27 43 57 95 104 132 143 185 191 196 201 216 226 227 236 243 286 288 289 292 300 306 334 346 -1 
16 23 47 64 67 72 98 118 152 228 246 254 264 281 324 344 -1 
73 93 119 150 158 182 213 239 310 315 319 328 -1 
17 32 42 68 89 164 204 206 215 247 257 258 294 295 311 -1 
5 50 53 63 78 79 90 127 162 194 202 222 237 249 265 270 277 284 297 330 360 363 -1 
10 12 15 86 112 137 169 179 231 263 322 325 338 342 -1 
7 19 20 24 35 55 99 113 149 156 172 181 187 223 245 268 309 312 314 331 333 350 354 356 364 -1 
4 8 30 56 76 97 101 114 117 129 192 229 255 260 274 276 280 283 318 -1 
28 66 88 91 135 140 144 207 225 238 241 251 271 347 349 351 352 353 -1 
58 108 153 166 171 184 186 188 190 217 269 279 298 305 307 362 -1 
