21 365 1 10 
6 17 18 80 84 92 123 130 151 158 159 172 183 187 226 240 247 270 326 365 -1 
24 26 42 81 114 139 173 176 185 217 252 291 306 329 336 360 -1 
14 45 57 65 88 129 149 179 189 190 201 228 233 242 245 267 278 280 285 319 323 351 356 -1 
20 21 25 33 52 61 66 89 94 103 121 127 177 195 215 234 275 286 305 314 320 -1 
36 68 85 97 133 239 276 282 338 349 -1 
10 16 90 106 113 115 118 131 160 163 181 196 210 212 231 237 255 284 310 330 355 361 363 364 -1 
11 54 75 98 164 178 307 313 316 322 334 341 345 -1 
9 38 44 50 58 105 117 128 147 169 200 204 220 221 235 269 303 342 -1 
2 27 31 62 78 110 153 161 165 182 250 257 266 292 296 331 333 -1 
8 28 35 53 56 71 83 99 112 156 166 186 192 206 229 232 264 279 317 348 362 -1 
13 41 43 79 122 137 138 150 157 170 203 216 218 219 244 248 293 304 309 -1 
22 74 93 175 224 227 230 256 260 327 -1 
29 39 69 72 102 107 124 167 191 222 249 274 281 318 332 335 353 -1 
12 15 59 60 70 86 120 174 225 339 -1 
19 47 49 87 108 162 193 209 214 241 246 261 295 312 -1 
7 30 34 37 116 136 184 188 199 259 262 265 271 321 340 347 -1 
4 63 73 82 109 119 126 134 146 223 236 253 277 298 308 328 -1 
40 46 48 154 180 197 202 207 208 254 301 302 324 343 352 354 -1 
3 32 51 55 64 67 125 132 135 140 144 145 152 168 194 205 211 213 238 258 268 283 289 290 325 358 -1 
76 100 101 141 155 171 198 243 251 263 272 273 294 297 299 311 337 344 350 -1 
5 23 77 91 95 96 104 111 142 143 148 287 288 300 315 346 357 359 -1 
