49 365 1 24 
91 140 305 -1 
303 -1 
33 98 154 240 285 -1 
17 161 321 -1 
11 175 190 241 296 319 -1 
27 105 192 263 300 343 -1 
21 86 180 183 230 278 356 -1 
24 54 138 145 163 234 308 315 -1 
26 118 182 201 244 266 282 295 -1 
40 43 46 84 188 229 245 250 290 -1 
160 226 253 312 -1 
5 59 112 212 219 347 -1 
8 65 119 181 202 237 287 320 339 -1 
109 189 194 258 304 322 -1 
95 106 148 179 210 277 -1 
30 42 48 68 75 260 271 352 358 -1 
13 22 58 94 -1 
71 146 152 156 215 225 239 270 -1 
122 123 169 218 231 243 259 365 -1 
14 15 50 56 96 99 221 223 -1 
9 38 51 149 151 206 327 -1 
6 45 168 207 217 292 293 335 357 362 -1 
107 141 159 162 224 -1 
10 52 115 144 176 191 197 264 310 -1 
4 18 19 31 83 165 213 222 242 337 -1 
53 102 128 193 199 228 233 254 274 276 289 344 359 -1 
16 70 82 113 132 265 279 318 346 -1 
73 143 170 235 248 316 336 354 -1 
37 111 116 171 208 262 326 -1 
47 88 147 173 353 -1 
3 120 127 184 187 232 236 272 288 328 355 -1 
55 61 178 286 301 -1 
20 35 125 134 246 252 268 273 275 280 -1 
28 67 76 85 177 238 299 306 -1 
44 69 174 338 363 -1 
23 32 80 101 114 126 130 150 166 209 294 302 342 349 -1 
36 39 41 63 158 211 247 298 311 333 -1 
89 97 108 135 155 185 220 307 317 351 -1 
2 7 25 72 77 110 133 153 251 364 -1 
49 100 104 142 157 249 281 -1 
93 198 203 314 325 334 -1 
12 66 137 164 256 291 323 329 350 -1 
129 195 205 227 267 340 345 -1 
103 131 216 261 269 332 341 348 -1 
57 60 62 81 136 167 196 255 257 309 -1 
92 121 186 200 214 324 -1 
64 74 117 204 283 330 360 -1 
29 78 79 124 172 284 297 313 -1 
34 87 90 139 331 361 -1 
