37 365 1 18 
72 105 127 137 244 323 -1 
26 55 113 133 201 335 339 347 -1 
41 152 168 205 207 216 238 271 287 365 -1 
2 35 73 103 138 158 188 229 308 334 336 361 -1 
28 52 71 122 144 177 208 222 242 265 282 358 -1 
4 67 101 130 181 284 303 307 329 363 -1 
8 14 23 43 53 85 87 162 245 272 278 -1 
3 6 10 89 91 134 135 145 163 165 266 337 -1 
15 42 65 109 111 123 223 296 299 306 322 324 333 -1 
17 20 69 86 118 132 349 -1 
18 70 82 100 143 167 171 196 220 283 300 338 -1 
77 173 183 214 228 237 239 251 262 319 -1 
29 66 83 110 151 157 240 286 -1 
140 180 226 256 261 331 -1 
62 68 156 174 175 259 280 297 304 -1 
30 81 115 117 159 164 172 186 243 247 274 -1 
13 94 141 146 160 161 204 227 353 -1 
54 92 114 210 253 291 -1 
16 22 34 44 98 104 120 126 179 187 200 212 221 235 250 270 301 310 355 -1 
25 39 40 46 74 90 102 154 202 206 258 -1 
121 142 231 269 302 315 326 327 343 356 359 -1 
36 56 60 93 96 99 149 153 178 192 213 252 255 260 263 275 332 340 354 -1 
19 51 64 78 107 108 155 211 218 219 241 279 350 360 -1 
97 125 191 209 224 234 294 295 316 342 352 -1 
298 313 320 -1 
31 32 48 95 131 233 236 249 293 325 357 -1 
27 50 148 330 -1 
21 61 63 75 129 139 150 182 285 -1 
7 9 12 38 136 194 248 267 309 -1 
45 79 166 197 254 317 -1 
76 106 170 230 292 328 344 -1 
47 112 124 189 193 195 203 217 246 277 348 -1 
24 84 147 185 305 321 341 346 -1 
58 88 169 198 225 264 289 318 -1 
11 33 59 80 128 199 268 273 276 281 311 345 351 -1 
37 49 119 232 290 314 -1 
5 57 116 176 184 190 215 257 288 312 362 364 -1 
