38 365 1 18 
34 82 98 105 132 280 -1 
13 24 37 77 78 86 87 151 170 200 322 325 337 341 -1 
44 50 139 171 194 304 -1 
46 126 131 142 154 181 220 233 318 336 353 360 -1 
32 47 159 179 216 267 279 350 -1 
35 40 53 96 145 222 265 309 321 351 -1 
27 81 109 198 227 257 263 317 324 328 -1 
2 15 38 76 116 168 258 288 311 326 344 -1 
99 117 128 202 228 236 243 270 278 327 -1 
19 49 106 135 206 213 241 298 365 -1 
20 28 88 113 143 186 300 323 -1 
16 85 118 158 209 247 255 291 310 314 346 -1 
3 141 204 237 252 261 -1 
30 144 182 207 230 235 -1 
45 59 61 71 93 110 180 191 245 269 285 335 -1 
79 121 137 148 174 229 277 282 354 -1 
18 196 197 272 273 299 306 329 355 356 -1 
41 56 74 80 138 157 162 256 286 294 307 -1 
4 42 63 122 127 169 173 231 240 338 -1 
67 73 150 189 201 214 266 308 332 349 -1 
12 31 33 91 123 125 195 215 242 246 248 301 358 -1 
7 163 166 193 211 234 254 262 284 295 -1 
17 48 66 95 107 136 146 199 275 312 -1 
54 55 62 69 124 167 221 232 268 276 357 362 -1 
29 36 58 90 249 292 313 320 352 -1 
9 22 161 260 296 333 339 342 -1 
51 57 72 103 164 205 223 274 290 347 359 -1 
52 114 134 187 203 238 331 -1 
94 119 184 188 244 251 259 293 303 -1 
8 26 64 89 147 160 172 185 212 271 -1 
6 43 75 104 217 289 297 305 -1 
21 111 133 156 176 178 192 218 363 -1 
130 264 316 340 -1 
10 60 100 102 115 120 149 153 219 250 345 -1 
11 23 25 83 92 97 155 165 177 183 190 224 253 281 343 -1 
65 68 70 101 108 112 225 226 334 348 364 -1 
14 208 239 283 287 315 319 330 -1 
5 39 84 129 140 152 175 210 302 361 -1 
