10 365 1 4 
27 35 42 43 58 59 67 73 93 111 112 117 123 139 140 141 150 177 179 191 192 199 200 234 236 242 244 248 252 259 273 274 337 349 -1 
13 14 24 46 51 56 68 87 88 89 96 103 121 126 131 134 156 166 168 182 188 205 214 225 231 269 284 285 288 291 293 314 316 318 340 355 356 -1 
18 26 29 37 38 47 63 69 104 122 142 146 157 160 180 185 186 190 203 240 245 254 256 260 270 298 299 303 307 343 344 357 -1 
12 45 57 65 66 70 76 90 102 118 144 148 154 162 176 178 187 209 217 219 221 232 257 258 261 262 268 282 286 289 313 322 324 325 328 341 353 -1 
7 17 23 28 30 31 32 49 74 110 113 128 133 135 158 181 189 198 213 226 229 246 249 266 275 277 305 308 319 332 333 350 351 358 360 -1 
4 19 40 53 54 80 91 92 94 98 99 101 105 107 115 119 125 130 147 163 169 171 183 194 201 211 220 233 238 250 264 271 278 283 287 295 311 326 327 338 345 347 348 352 -1 
33 60 75 82 84 108 149 152 153 164 165 174 175 204 208 227 228 230 239 247 251 255 276 309 315 317 323 -1 
2 9 20 22 25 44 50 61 71 72 85 86 97 109 124 127 132 136 138 159 161 172 193 196 197 210 212 216 222 224 241 253 272 280 294 302 339 342 359 365 -1 
3 10 15 36 48 62 64 77 81 106 116 129 145 151 167 170 184 202 206 235 237 243 265 290 304 306 320 321 329 330 331 334 335 336 346 354 361 362 -1 
5 6 8 11 16 21 34 39 41 52 55 78 79 83 95 100 114 120 137 143 155 173 195 207 215 218 223 263 267 279 281 292 296 297 300 301 310 312 363 364 -1 
