39 365 1 18 
52 55 87 121 144 284 -1 
2 40 139 172 300 310 319 347 -1 
16 60 71 164 192 203 208 219 236 250 283 303 339 341 343 348 357 -1 
14 26 28 72 112 151 153 285 295 -1 
3 5 43 45 62 85 97 211 218 239 260 317 361 -1 
20 65 200 265 267 312 334 -1 
8 11 29 31 100 152 166 210 292 293 298 325 -1 
35 90 110 167 273 278 -1 
42 74 122 150 196 204 231 235 258 358 -1 
12 38 64 128 143 179 197 207 233 266 281 288 345 349 -1 
82 99 123 146 199 243 256 308 -1 
22 76 79 113 161 162 225 248 257 294 329 -1 
135 142 148 174 178 188 269 324 333 351 362 -1 
46 124 140 145 180 194 254 -1 
120 221 237 245 255 259 322 326 353 -1 
4 23 44 63 69 105 125 163 190 215 216 299 -1 
10 59 93 114 149 157 249 263 290 309 315 -1 
25 36 94 103 246 287 330 331 354 -1 
21 73 126 155 191 205 251 296 -1 
47 50 57 89 95 159 187 232 240 270 -1 
34 66 170 182 184 220 306 323 340 -1 
67 297 307 332 364 -1 
27 138 214 247 252 262 -1 
48 53 68 102 111 131 134 356 -1 
7 19 58 176 238 275 338 346 352 -1 
24 80 104 202 289 316 320 -1 
61 88 92 109 115 119 186 222 223 268 277 344 -1 
13 32 84 171 234 350 363 -1 
6 77 101 141 264 318 -1 
81 127 132 327 359 -1 
18 33 54 70 86 117 118 154 195 198 212 355 -1 
158 168 206 272 279 328 360 365 -1 
130 133 137 175 189 241 253 286 302 311 313 -1 
37 78 177 228 230 261 304 335 342 -1 
106 107 217 244 276 314 321 -1 
9 98 165 201 213 226 229 271 305 336 -1 
15 30 49 56 83 156 183 224 242 280 282 301 -1 
17 39 41 51 75 91 96 116 129 136 147 160 169 209 291 337 -1 
108 173 181 185 193 227 274 -1 
