33 365 1 16 
59 74 84 100 114 149 191 215 249 278 301 313 338 361 -1 
85 103 120 229 303 333 -1 
14 44 67 81 88 89 135 146 158 182 195 213 225 237 254 291 315 323 327 -1 
28 75 129 155 232 293 296 312 335 342 -1 
29 94 123 130 136 183 193 248 349 -1 
25 45 71 82 86 98 121 159 190 233 299 318 341 346 357 364 -1 
22 42 154 192 224 230 275 302 325 -1 
17 57 102 124 160 203 210 245 251 259 279 286 311 317 319 362 -1 
13 37 54 141 200 242 263 268 -1 
16 31 52 72 77 93 178 226 261 310 321 -1 
18 49 53 68 73 107 118 127 145 147 171 199 234 256 258 287 347 -1 
3 32 132 168 244 363 -1 
9 27 39 117 119 126 181 187 197 207 211 216 269 288 331 345 -1 
11 40 41 284 290 -1 
2 43 177 194 205 227 246 253 336 -1 
26 139 150 175 228 250 260 262 282 329 -1 
66 78 80 99 110 219 289 304 343 -1 
5 8 101 283 306 328 355 -1 
35 51 76 152 165 196 208 241 247 300 307 -1 
47 63 174 179 184 217 277 330 -1 
10 108 148 172 185 198 214 218 221 295 320 324 -1 
106 113 133 140 162 166 180 235 273 339 353 365 -1 
23 36 55 153 170 204 212 257 297 298 308 348 350 356 359 -1 
4 24 137 142 143 223 271 309 -1 
111 131 332 340 344 -1 
61 83 115 122 144 161 206 209 231 334 337 -1 
64 70 125 164 201 222 -1 
15 96 116 169 176 236 255 267 272 314 -1 
38 46 58 62 90 97 151 163 167 173 240 281 316 352 -1 
20 33 34 48 56 91 92 105 112 134 186 188 202 266 276 292 358 -1 
7 12 60 79 138 238 243 264 270 280 294 326 -1 
65 109 156 157 265 285 305 322 351 360 -1 
6 19 21 30 50 69 87 95 104 128 189 220 239 252 274 354 -1 
