28 365 1 14 
36 57 67 186 226 243 244 349 -1 
12 27 34 125 133 156 197 241 -1 
49 93 95 116 128 142 160 169 174 176 198 216 239 257 260 264 283 297 346 361 -1 
25 28 51 112 135 214 240 329 -1 
4 83 107 110 121 139 157 163 227 342 -1 
38 42 70 86 97 101 119 181 287 288 293 -1 
13 39 58 82 106 150 210 252 254 290 294 335 -1 
41 62 65 78 96 100 189 217 234 236 245 271 275 327 -1 
32 80 103 177 213 218 231 250 285 354 364 -1 
15 71 91 126 188 222 268 276 296 305 317 348 355 358 -1 
5 23 85 102 141 145 147 167 184 242 261 282 286 310 334 350 362 -1 
19 45 109 118 193 206 272 299 325 341 360 -1 
21 29 61 88 130 134 185 201 251 258 302 313 314 330 352 -1 
10 11 50 54 63 187 192 195 209 215 232 248 277 309 324 328 -1 
30 64 77 129 137 165 178 180 220 266 269 347 -1 
6 7 33 40 87 92 98 152 190 194 223 267 281 300 331 332 353 -1 
3 35 73 79 306 356 -1 
18 26 56 104 136 159 175 203 230 262 298 351 -1 
2 59 66 68 75 123 149 168 171 179 204 233 247 278 284 318 321 339 -1 
9 48 90 120 146 235 357 363 365 -1 
52 81 113 127 138 140 148 221 253 255 270 279 359 -1 
14 55 72 155 161 170 205 225 259 311 -1 
17 22 24 31 44 46 76 99 151 166 191 199 202 301 307 308 312 315 338 -1 
74 114 143 182 207 212 238 292 345 -1 
69 94 124 172 265 273 280 303 319 320 323 337 -1 
16 43 60 89 115 153 228 246 256 289 291 304 316 340 343 344 -1 
8 37 53 105 111 122 164 196 200 211 237 263 274 322 333 336 -1 
20 47 84 108 117 131 132 144 154 158 162 173 183 208 219 224 229 249 295 326 -1 
