43 365 1 20 
38 140 202 235 283 328 348 -1 
3 66 69 89 106 145 195 230 295 307 324 334 -1 
5 7 75 83 104 113 312 329 354 360 -1 
109 -1 
43 73 124 150 161 168 233 306 353 361 -1 
32 47 54 76 82 125 152 156 163 171 197 201 227 251 313 330 347 350 -1 
16 55 84 172 271 -1 
17 36 86 155 211 224 229 272 274 303 327 345 -1 
6 29 48 53 177 275 277 304 358 -1 
94 147 158 184 209 256 287 315 318 340 -1 
35 74 138 210 228 242 248 259 319 335 -1 
19 42 44 64 131 178 192 199 232 299 342 -1 
96 183 223 288 290 -1 
40 62 68 100 105 127 240 325 337 -1 
8 114 119 142 144 180 245 363 -1 
11 30 164 222 269 320 331 -1 
39 112 173 225 243 247 253 262 332 -1 
9 41 61 72 88 117 146 167 169 194 216 282 322 336 351 364 -1 
46 128 151 160 280 -1 
95 157 176 179 291 321 -1 
165 206 219 -1 
2 27 81 185 249 289 294 317 365 -1 
23 34 77 214 355 -1 
10 12 56 59 101 122 130 166 193 268 297 302 305 -1 
63 118 205 278 359 -1 
21 37 123 129 191 281 285 293 -1 
108 136 141 -1 
91 93 110 273 309 -1 
103 107 120 149 159 196 212 258 298 -1 
14 25 65 87 92 187 238 276 292 300 344 -1 
4 18 49 126 135 236 263 279 284 323 333 338 -1 
51 186 244 250 264 270 286 356 -1 
45 52 70 80 143 254 255 316 339 -1 
57 71 132 133 154 215 -1 
20 50 60 85 148 200 203 226 231 265 314 341 -1 
24 26 67 139 182 257 260 261 -1 
28 31 97 102 115 174 190 311 -1 
116 134 208 352 362 -1 
121 213 234 252 310 -1 
22 78 79 217 239 301 -1 
111 175 188 204 207 266 267 296 308 326 349 -1 
15 58 98 137 162 181 189 198 220 237 241 343 357 -1 
13 33 90 99 153 170 218 221 246 346 -1 
