14 365 1 6 
9 13 20 34 38 41 56 58 62 71 72 112 119 146 171 172 190 198 202 209 230 248 266 270 278 291 322 332 362 -1 
14 18 77 124 133 153 164 200 218 239 256 271 275 279 292 311 315 326 330 348 356 -1 
6 22 59 79 105 126 127 140 143 155 183 206 222 226 258 263 264 286 289 290 300 301 303 308 328 337 352 359 361 -1 
15 42 46 57 60 84 99 100 134 138 149 159 162 207 212 213 215 220 223 224 238 242 243 276 283 331 346 364 -1 
7 10 32 55 64 65 66 75 90 95 102 109 111 114 117 118 152 156 157 191 208 216 231 297 319 321 323 329 338 341 344 349 350 -1 
21 25 40 43 47 53 67 69 76 85 88 125 135 158 165 168 232 233 235 246 257 268 272 294 305 335 345 357 -1 
3 23 27 61 80 83 89 104 107 115 139 144 148 150 169 173 176 186 188 189 192 240 244 253 274 284 296 310 317 -1 
19 70 91 96 182 197 201 203 204 205 245 247 250 255 265 267 280 282 293 299 304 313 324 347 353 365 -1 
24 26 37 39 48 63 74 92 101 110 131 137 141 160 161 175 178 211 219 229 273 277 288 302 306 307 316 342 354 355 360 -1 
2 4 5 8 12 16 29 49 54 68 81 86 94 103 121 163 187 194 199 225 251 259 281 318 333 -1 
33 78 82 97 108 113 122 128 136 145 151 177 179 184 185 210 214 221 249 252 262 269 285 325 340 343 351 363 -1 
17 35 44 45 51 73 93 98 129 142 147 166 167 170 181 217 237 241 260 287 312 327 -1 
52 106 116 120 154 193 195 196 234 261 295 298 309 314 334 339 358 -1 
11 28 30 31 36 50 87 123 130 132 174 180 227 228 236 254 320 336 -1 
