12 365 1 6 
9 13 20 33 38 48 77 84 87 99 111 125 133 135 151 168 180 187 196 203 206 217 220 231 245 246 263 273 304 313 319 327 331 344 352 354 355 -1 
3 21 30 50 66 79 94 103 105 113 114 117 169 191 192 194 224 227 240 253 259 286 292 293 307 342 349 363 -1 
14 16 34 56 61 75 98 144 149 160 170 175 177 221 241 271 279 287 289 329 334 336 350 358 -1 
5 10 41 49 73 80 81 102 136 138 140 146 158 171 181 189 193 195 233 237 243 250 261 262 282 283 301 311 322 332 -1 
8 12 37 44 54 57 95 120 126 142 166 172 197 201 205 264 265 278 280 298 318 326 340 -1 
31 63 83 89 100 109 116 129 164 173 178 186 202 210 211 213 215 226 229 236 238 242 244 252 267 268 272 285 291 299 328 330 365 -1 
19 28 32 86 91 93 97 150 156 157 179 182 199 200 222 257 258 288 294 300 302 312 320 325 339 346 360 -1 
6 22 25 26 45 52 53 58 65 68 123 141 148 153 184 185 209 212 216 218 223 234 235 260 277 296 297 305 309 317 347 348 353 -1 
2 15 29 39 42 43 62 101 104 112 121 124 131 139 154 161 162 167 204 239 247 256 266 274 306 321 338 356 359 -1 
7 11 24 35 36 46 51 59 60 70 82 90 92 115 118 134 143 183 188 198 207 219 225 230 232 281 303 308 324 335 345 357 -1 
4 17 27 76 78 85 88 96 106 110 127 128 137 147 152 163 165 174 208 248 254 255 269 284 314 351 361 362 -1 
18 23 40 47 55 64 67 69 71 72 74 107 108 119 122 130 132 145 155 159 176 190 214 228 249 251 270 275 276 290 295 310 315 316 323 333 337 341 343 364 -1 
