18 365 1 8 
11 18 28 35 43 59 64 72 76 81 89 104 123 172 210 211 221 283 297 311 323 328 334 350 -1 
5 83 113 125 130 135 137 148 164 169 230 235 277 301 303 320 326 358 362 -1 
14 16 29 71 90 97 146 167 203 245 259 262 270 275 279 284 306 330 335 337 -1 
32 34 39 48 62 67 88 95 105 133 136 147 174 209 228 241 243 253 257 298 316 -1 
2 23 36 55 74 93 106 120 121 124 156 170 187 194 212 216 224 238 290 305 307 319 339 365 -1 
31 65 69 86 96 144 154 190 197 199 200 201 208 258 269 274 287 354 -1 
7 24 38 50 58 63 75 82 150 160 165 179 180 195 226 231 233 271 272 294 318 333 -1 
3 33 61 79 99 109 118 131 141 175 176 192 202 256 302 308 338 363 -1 
19 26 30 37 52 68 145 155 157 198 214 237 291 300 331 332 343 -1 
54 56 57 94 115 126 177 227 234 260 280 289 292 322 364 -1 
25 27 41 49 66 87 129 171 181 183 204 239 252 276 304 314 324 -1 
9 20 21 44 77 80 85 111 151 184 188 189 193 217 244 263 285 288 310 345 347 351 -1 
12 22 45 53 114 117 134 139 166 173 182 206 222 249 250 255 264 266 267 273 348 -1 
6 8 15 47 91 92 100 140 159 162 186 242 261 268 295 312 315 336 342 352 -1 
42 70 73 78 116 138 152 153 213 218 225 232 240 247 278 286 329 340 353 357 -1 
46 101 110 122 132 142 143 158 161 163 178 185 215 219 236 265 281 282 309 313 325 349 359 360 361 -1 
10 60 98 102 103 107 108 112 127 128 168 205 220 229 254 293 321 327 346 355 -1 
4 13 17 40 51 84 119 149 191 196 207 223 246 248 251 296 299 317 341 344 356 -1 
