32 365 1 16 
3 8 21 25 32 37 61 90 101 130 159 165 204 247 253 265 286 300 -1 
15 52 98 99 106 142 147 196 243 -1 
54 57 102 103 156 176 246 273 316 349 -1 
31 43 81 87 114 189 225 301 343 352 -1 
108 123 261 309 335 337 338 -1 
9 41 129 166 271 327 346 357 358 360 -1 
12 44 105 118 203 267 315 353 362 -1 
10 49 78 97 126 133 140 158 168 181 209 230 260 276 291 293 304 311 320 365 -1 
79 88 199 221 313 332 350 -1 
27 40 48 55 58 64 85 150 177 242 251 269 -1 
36 42 72 93 152 206 283 287 348 354 361 -1 
33 65 122 190 202 208 210 211 244 254 268 326 345 -1 
13 110 134 138 141 191 224 229 233 264 284 318 342 -1 
50 96 212 214 219 297 303 305 328 359 -1 
11 14 18 45 63 69 94 124 164 185 186 192 227 237 239 263 294 317 321 351 -1 
95 120 178 216 217 222 245 280 306 325 339 341 -1 
56 67 100 172 198 241 249 256 285 -1 
17 132 148 223 228 235 266 322 336 -1 
2 5 28 66 76 89 193 195 220 262 312 347 -1 
7 19 59 218 272 -1 
30 39 82 86 104 112 139 144 200 205 236 238 330 -1 
22 23 34 70 91 157 182 197 274 323 -1 
6 51 53 62 75 80 84 109 127 183 213 258 279 333 -1 
107 116 136 149 171 188 255 281 288 331 -1 
35 38 47 119 121 151 153 180 234 248 257 277 329 -1 
26 115 131 143 160 161 207 232 250 252 299 334 355 -1 
4 29 111 113 154 162 163 184 302 319 -1 
24 60 74 128 169 194 226 307 356 -1 
135 187 215 231 270 282 289 292 298 324 -1 
68 71 117 145 155 170 173 174 259 310 314 -1 
46 77 125 137 167 175 179 201 240 278 295 296 308 340 363 -1 
16 20 73 83 92 146 275 290 344 364 -1 
