15 365 1 6 
5 6 20 39 45 46 77 78 93 118 121 124 149 163 167 188 215 220 312 328 349 351 358 -1 
3 33 34 41 71 74 100 110 139 145 159 190 197 207 212 217 238 239 245 253 264 287 288 300 307 345 347 361 362 364 -1 
17 29 35 37 52 53 63 75 86 115 147 155 180 182 193 195 226 271 273 316 338 353 359 -1 
32 59 69 81 88 91 92 95 98 99 105 106 126 134 136 166 199 216 237 240 242 259 330 333 342 357 -1 
7 8 18 49 114 130 131 156 218 231 246 265 267 272 286 294 304 322 324 327 334 340 -1 
21 23 30 56 60 66 70 72 84 96 154 165 174 181 187 191 219 223 252 263 270 281 292 -1 
67 94 102 108 119 146 150 169 170 172 192 205 206 227 228 232 248 260 284 297 306 308 311 315 332 335 -1 
12 31 36 38 55 64 82 148 152 162 175 184 198 221 243 275 277 279 302 323 325 336 339 346 352 355 363 -1 
22 43 51 65 89 160 171 189 202 203 204 213 225 235 236 249 254 261 266 282 289 310 348 -1 
4 11 47 48 76 109 111 116 117 135 138 140 141 164 209 210 230 247 269 318 319 329 354 360 -1 
13 16 24 28 44 80 112 127 151 157 196 233 234 251 255 276 283 296 331 341 -1 
14 19 25 50 61 90 97 129 132 143 183 185 186 201 208 211 224 244 258 280 285 291 305 313 326 343 344 365 -1 
2 10 27 57 79 85 101 133 144 161 168 179 194 222 241 256 295 301 309 337 -1 
15 40 42 58 73 103 120 122 125 142 153 158 173 200 257 262 274 278 290 298 299 303 314 320 350 -1 
9 26 54 62 68 83 87 104 107 113 123 128 137 176 177 178 214 229 250 268 293 317 321 356 -1 
