45 365 1 22 
59 71 120 195 207 242 252 275 293 314 331 346 -1 
43 88 131 153 247 301 319 348 -1 
15 56 94 158 171 198 213 221 -1 
32 92 116 117 119 162 181 187 199 229 234 241 -1 
85 144 147 150 163 261 273 281 283 -1 
41 90 100 122 342 -1 
45 112 127 161 200 244 361 -1 
8 51 80 135 224 264 286 302 303 313 317 318 -1 
64 86 109 196 254 266 308 324 -1 
50 72 73 81 97 149 -1 
142 154 204 216 322 -1 
38 44 47 125 265 287 347 -1 
36 103 108 132 248 259 311 -1 
2 12 26 65 121 182 192 206 243 267 306 316 338 -1 
18 129 185 203 257 290 296 356 -1 
5 58 76 113 130 133 138 156 170 188 217 245 312 323 352 363 -1 
24 164 165 256 274 340 -1 
48 168 209 358 -1 
23 35 78 115 173 294 -1 
215 246 300 350 -1 
13 62 87 139 240 333 353 -1 
11 31 69 105 145 146 189 197 230 260 272 -1 
34 37 236 253 268 320 332 -1 
6 7 22 60 63 183 262 289 343 -1 
39 104 123 235 277 280 298 -1 
9 14 49 79 157 208 330 -1 
19 155 233 291 325 337 344 345 -1 
16 124 140 219 351 362 -1 
27 29 102 137 141 239 279 297 326 327 -1 
46 53 118 205 214 -1 
134 160 190 232 269 270 -1 
21 66 175 177 299 334 -1 
84 110 186 231 237 329 357 -1 
17 42 101 179 184 194 -1 
52 55 93 96 167 218 220 225 251 255 284 349 364 365 -1 
82 128 136 159 176 258 276 -1 
30 61 70 75 107 151 169 223 238 295 305 315 336 339 -1 
3 25 68 91 114 126 152 191 307 354 -1 
20 95 227 263 355 360 -1 
54 99 143 178 180 321 -1 
210 304 309 310 328 -1 
4 33 67 74 89 98 106 174 201 202 249 288 341 -1 
148 172 -1 
40 77 111 166 211 212 226 228 250 292 335 -1 
10 28 57 83 193 222 271 278 282 285 359 -1 
