26 365 1 12 
3 24 51 77 146 159 176 181 183 192 194 197 215 233 264 276 321 349 -1 
19 21 30 41 47 54 55 84 113 150 165 240 250 254 269 290 333 342 343 -1 
81 82 86 108 124 225 330 336 360 -1 
31 39 42 117 151 155 157 164 189 207 216 230 262 275 277 289 295 296 302 314 317 340 352 -1 
18 63 80 83 85 100 111 147 167 168 236 319 344 346 361 365 -1 
15 16 97 140 174 187 200 204 218 231 241 260 293 297 301 307 -1 
5 17 70 75 104 131 133 170 238 251 273 282 323 327 357 -1 
7 9 127 156 172 195 229 232 234 315 345 -1 
13 37 48 93 160 162 193 206 209 247 248 280 335 356 -1 
53 73 120 182 199 239 256 284 313 322 324 364 -1 
11 12 45 60 107 110 122 125 134 217 243 246 263 288 325 362 -1 
6 65 76 91 118 212 252 272 278 285 294 354 359 -1 
10 121 142 153 190 265 266 311 -1 
14 26 46 136 139 196 249 331 338 339 -1 
28 49 72 96 114 161 173 178 188 191 211 223 292 308 318 332 334 353 -1 
36 52 106 129 132 152 166 180 184 253 255 257 268 283 299 350 -1 
4 34 40 59 101 112 137 171 224 227 228 291 320 -1 
90 99 102 123 145 201 205 279 304 305 312 329 351 -1 
23 68 177 186 202 203 208 221 -1 
32 43 44 58 92 95 105 144 154 210 219 226 259 270 286 306 316 347 348 -1 
22 25 27 35 62 64 141 198 220 242 261 267 -1 
29 56 67 69 74 103 116 126 158 179 235 244 281 303 309 310 341 -1 
2 33 38 61 78 94 130 135 237 271 298 328 -1 
8 20 66 87 115 143 213 245 326 -1 
57 71 79 88 98 138 175 214 258 287 358 363 -1 
50 89 109 119 128 148 149 163 169 185 222 274 300 337 355 -1 
