44 365 1 22 
44 60 80 89 133 198 208 266 277 291 315 346 -1 
23 25 33 52 248 301 -1 
6 43 131 178 256 272 286 360 -1 
26 51 82 92 157 257 302 -1 
2 73 87 143 219 294 355 -1 
14 77 101 262 306 -1 
11 169 176 205 237 -1 
81 96 108 160 195 269 275 304 318 345 349 -1 
61 79 93 111 166 179 187 201 229 289 297 -1 
50 136 231 253 295 -1 
32 63 67 122 290 330 -1 
56 70 235 359 362 -1 
36 66 103 185 233 239 308 324 364 365 -1 
20 22 114 163 165 168 227 298 -1 
46 135 137 144 204 210 -1 
18 64 94 109 145 149 180 244 260 271 287 350 -1 
12 151 223 264 323 -1 
78 147 164 186 254 303 331 -1 
128 173 177 354 358 -1 
3 30 45 47 146 171 209 213 222 242 -1 
65 139 188 199 207 263 -1 
59 62 86 112 117 125 126 193 211 -1 
55 141 142 281 322 336 339 -1 
19 68 115 150 155 181 197 206 245 276 337 348 -1 
84 100 127 132 170 182 214 283 333 -1 
24 156 172 194 268 284 288 -1 
16 53 124 203 251 292 300 340 -1 
88 118 192 313 -1 
7 28 69 106 121 183 196 258 265 270 273 309 316 329 338 361 -1 
21 85 91 104 202 217 225 228 238 249 327 347 -1 
4 49 148 190 247 305 -1 
99 159 216 267 296 312 328 342 351 356 357 -1 
27 57 74 161 189 221 352 -1 
10 31 38 110 130 140 230 261 274 314 325 -1 
134 152 154 232 311 320 -1 
8 42 54 97 98 246 279 299 363 -1 
29 39 40 83 218 226 -1 
5 34 37 105 113 123 167 310 321 341 343 344 -1 
15 41 48 58 76 107 200 212 224 259 293 332 334 -1 
17 120 -1 
13 138 162 191 278 317 319 -1 
9 35 75 158 174 215 326 -1 
71 72 90 116 129 234 236 240 252 280 353 -1 
95 102 119 153 175 184 220 241 243 250 255 282 285 307 335 -1 
