25 365 1 12 
6 32 66 74 111 125 156 187 190 200 302 334 358 -1 
35 50 91 138 157 195 198 202 203 221 247 264 288 297 326 337 -1 
3 58 120 134 168 188 205 216 243 260 285 290 316 321 331 335 338 -1 
48 83 84 137 197 232 301 317 345 359 -1 
13 16 20 22 46 129 183 194 209 224 262 332 349 357 360 -1 
7 36 39 44 59 73 77 79 98 149 177 179 236 246 257 351 364 -1 
2 9 25 68 122 128 199 244 355 365 -1 
61 78 118 163 167 170 220 223 242 258 266 308 353 363 -1 
27 31 82 105 139 142 184 268 273 284 -1 
4 51 75 95 97 102 130 140 144 166 219 248 259 276 296 328 356 -1 
15 69 72 109 132 146 172 174 182 192 230 256 265 292 313 322 343 361 -1 
24 40 100 104 107 121 161 162 180 254 287 -1 
29 70 81 115 127 133 225 271 277 291 293 306 340 350 -1 
8 10 64 65 92 152 178 279 289 298 303 304 310 362 -1 
5 18 28 41 60 108 112 117 154 164 165 211 213 222 227 238 250 267 270 327 -1 
12 21 34 54 55 87 101 110 123 124 171 189 196 218 245 255 261 300 323 325 339 342 346 -1 
19 45 63 90 103 116 141 145 153 235 269 -1 
17 23 42 49 71 85 119 126 143 150 181 193 212 274 281 295 314 -1 
26 30 43 148 217 229 233 237 240 249 253 263 272 305 312 330 352 354 -1 
33 56 106 113 160 176 206 215 294 341 -1 
37 47 67 136 151 158 186 207 231 251 278 309 -1 
11 14 38 53 94 96 99 147 191 201 210 226 239 275 282 283 286 315 319 333 -1 
57 88 131 159 214 320 344 347 -1 
62 80 86 89 114 169 173 204 228 234 324 329 -1 
52 76 93 135 155 175 185 208 241 252 280 299 307 311 318 336 348 -1 
