50 365 1 24 
79 197 218 252 267 293 299 338 363 -1 
27 57 111 146 154 167 290 356 -1 
84 264 295 -1 
43 59 107 122 208 232 261 268 310 -1 
31 94 116 134 152 254 279 353 -1 
131 193 206 308 -1 
51 88 153 285 288 334 -1 
6 24 110 123 125 212 259 277 301 314 317 -1 
41 42 48 55 77 138 219 227 -1 
71 100 139 155 209 -1 
18 64 156 271 280 281 283 309 311 322 333 355 -1 
39 135 255 263 312 328 -1 
13 34 93 112 115 117 187 -1 
95 105 149 182 253 305 -1 
30 73 106 183 220 225 245 275 -1 
10 22 80 102 178 199 231 241 276 340 -1 
15 67 90 92 104 126 171 174 260 329 361 -1 
28 54 180 204 233 298 306 344 -1 
109 160 161 166 223 337 -1 
69 202 -1 
8 9 23 144 176 215 244 302 323 362 -1 
61 124 324 -1 
35 38 91 147 170 185 190 214 229 251 286 320 352 -1 
40 145 242 -1 
11 46 108 342 -1 
49 85 121 169 216 -1 
32 82 133 150 196 234 318 -1 
75 103 189 246 257 273 284 330 -1 
19 60 65 86 175 181 200 240 326 -1 
70 87 140 278 282 289 291 364 -1 
36 130 237 243 -1 
2 37 50 113 228 238 319 -1 
97 163 184 194 221 272 354 -1 
14 52 129 159 186 266 -1 
210 226 303 335 -1 
29 114 148 162 316 325 341 358 -1 
5 7 17 83 89 198 203 235 274 297 336 339 -1 
98 141 217 248 347 -1 
4 12 25 58 132 137 142 265 294 345 -1 
53 127 173 188 195 201 250 300 307 365 -1 
74 96 118 191 351 -1 
44 47 63 68 143 211 360 -1 
16 56 72 76 78 236 239 262 270 315 348 -1 
192 256 287 359 -1 
26 81 99 165 177 207 222 247 269 296 327 349 357 -1 
128 230 321 331 332 343 -1 
3 20 21 120 136 151 179 249 -1 
33 224 313 -1 
62 66 101 119 157 164 168 213 258 292 350 -1 
45 158 172 205 304 346 -1 
