94 180 1 45 
32 -1 
77 114 164 166 -1 
-1 
59 160 -1 
50 118 140 -1 
12 52 -1 
15 31 -1 
111 136 149 151 -1 
125 -1 
75 92 -1 
-1 
13 -1 
130 -1 
60 89 142 143 -1 
95 131 -1 
70 175 -1 
56 88 156 -1 
33 -1 
101 134 141 172 -1 
79 82 -1 
80 128 -1 
71 174 -1 
90 91 123 -1 
14 53 72 96 170 -1 
57 76 -1 
9 43 83 85 139 -1 
4 -1 
121 -1 
3 46 49 69 -1 
22 30 -1 
-1 
-1 
16 120 158 -1 
177 -1 
-1 
2 171 -1 
86 99 -1 
-1 
66 178 -1 
37 78 -1 
-1 
5 67 -1 
180 -1 
145 153 -1 
8 146 -1 
104 112 147 -1 
-1 
98 -1 
152 163 -1 
-1 
115 132 159 -1 
36 61 -1 
10 27 40 106 -1 
116 -1 
48 68 157 -1 
84 93 162 -1 
-1 
11 18 94 169 -1 
7 -1 
105 -1 
-1 
6 47 113 129 -1 
122 -1 
62 119 -1 
-1 
-1 
87 -1 
23 26 -1 
-1 
24 133 -1 
65 -1 
34 42 81 124 -1 
73 173 -1 
19 74 100 127 -1 
97 -1 
108 -1 
110 155 -1 
38 51 107 -1 
63 148 176 179 -1 
55 102 -1 
39 45 64 154 -1 
167 -1 
126 -1 
150 165 -1 
41 54 135 -1 
168 -1 
29 161 -1 
17 44 109 117 -1 
138 -1 
20 21 103 -1 
-1 
35 -1 
28 -1 
25 58 137 144 -1 
