100 180 1 50 
-1 
-1 
100 147 -1 
23 -1 
-1 
55 -1 
2 177 -1 
26 36 82 -1 
54 -1 
121 137 168 -1 
9 43 -1 
156 -1 
29 45 128 -1 
3 27 68 146 157 -1 
31 107 -1 
75 98 -1 
20 -1 
-1 
-1 
173 -1 
37 -1 
-1 
15 150 -1 
21 77 134 -1 
28 93 -1 
-1 
57 91 110 115 176 -1 
7 140 -1 
35 135 151 -1 
42 84 88 96 -1 
50 171 -1 
53 165 -1 
95 -1 
5 52 122 -1 
159 -1 
153 -1 
99 119 164 -1 
180 -1 
114 158 -1 
-1 
78 101 108 -1 
-1 
6 73 152 -1 
145 149 162 -1 
-1 
46 -1 
-1 
124 161 -1 
126 136 -1 
-1 
169 -1 
172 -1 
64 90 112 133 -1 
24 -1 
170 -1 
74 81 -1 
44 70 -1 
39 94 -1 
-1 
123 179 -1 
18 76 131 -1 
66 175 -1 
41 -1 
13 87 129 144 -1 
59 127 -1 
22 -1 
56 80 -1 
16 118 -1 
148 -1 
14 62 117 -1 
11 142 -1 
65 71 -1 
97 116 -1 
102 125 -1 
4 17 25 109 141 143 -1 
8 32 34 106 -1 
63 167 -1 
10 79 103 -1 
60 -1 
48 111 178 -1 
-1 
72 -1 
160 -1 
138 -1 
104 -1 
38 174 -1 
139 -1 
47 132 -1 
51 92 -1 
19 58 83 -1 
-1 
67 130 163 -1 
30 155 166 -1 
40 49 -1 
-1 
154 -1 
12 85 105 -1 
33 61 86 -1 
69 -1 
89 113 120 -1 
