62 180 1 30 
52 89 160 -1 
5 19 29 107 157 -1 
70 161 -1 
37 -1 
165 -1 
69 111 -1 
24 53 106 119 155 -1 
40 49 59 117 173 -1 
11 27 177 -1 
14 86 149 -1 
25 78 -1 
56 108 -1 
34 60 80 97 126 129 140 153 -1 
72 166 167 -1 
38 91 100 162 -1 
-1 
50 66 -1 
-1 
-1 
15 16 61 76 -1 
77 -1 
36 41 48 63 67 87 92 116 133 152 -1 
75 81 -1 
43 142 -1 
35 112 145 -1 
2 4 109 -1 
20 47 84 -1 
62 118 136 171 -1 
28 65 94 -1 
22 90 123 170 -1 
124 174 176 -1 
42 74 -1 
18 71 125 154 -1 
55 122 169 -1 
134 141 148 156 172 -1 
17 33 115 -1 
137 -1 
82 85 88 101 105 -1 
9 12 98 -1 
102 -1 
-1 
6 39 138 143 -1 
26 79 -1 
30 178 -1 
8 180 -1 
146 -1 
58 -1 
46 68 132 -1 
10 103 104 135 158 -1 
21 130 -1 
-1 
54 73 96 121 163 -1 
7 99 144 147 150 -1 
31 164 175 179 -1 
83 113 139 168 -1 
3 128 -1 
13 32 -1 
64 114 120 151 -1 
127 131 -1 
95 159 -1 
110 -1 
23 44 45 51 57 93 -1 
