30 180 1 14 
63 97 101 109 137 139 144 -1 
21 45 82 130 152 -1 
24 83 105 135 140 -1 
2 27 34 42 96 164 -1 
7 48 57 80 86 87 180 -1 
17 31 64 81 102 129 -1 
15 58 90 94 131 -1 
40 41 53 124 163 166 -1 
12 47 104 114 117 154 156 168 -1 
5 65 138 -1 
66 95 128 153 -1 
9 26 98 108 145 148 -1 
13 33 35 46 54 60 73 79 112 116 126 141 149 157 161 -1 
20 36 52 67 91 99 179 -1 
8 18 30 44 59 75 77 78 107 155 -1 
6 25 28 147 162 167 -1 
49 100 -1 
19 50 111 143 159 171 175 -1 
119 136 -1 
61 69 84 150 160 178 -1 
11 14 22 89 133 -1 
3 43 56 127 134 151 170 -1 
37 76 122 125 146 176 -1 
51 85 120 132 158 169 174 -1 
4 70 74 93 103 115 121 142 165 -1 
39 71 -1 
23 29 32 -1 
10 88 110 118 177 -1 
62 68 92 106 113 123 -1 
16 38 55 72 172 173 -1 
