96 180 1 48 
39 140 -1 
17 -1 
91 -1 
43 77 79 126 -1 
53 58 142 -1 
-1 
27 154 157 -1 
32 101 175 -1 
54 63 107 170 -1 
64 89 162 -1 
28 65 112 139 -1 
94 -1 
-1 
-1 
86 179 -1 
92 122 -1 
14 96 102 -1 
129 147 -1 
4 -1 
22 46 84 -1 
-1 
-1 
98 165 -1 
111 116 -1 
-1 
-1 
-1 
31 -1 
62 106 -1 
36 119 -1 
10 18 48 -1 
5 87 153 -1 
6 37 125 174 -1 
-1 
49 -1 
160 172 -1 
7 148 -1 
40 135 -1 
-1 
42 47 85 88 104 151 -1 
83 100 -1 
-1 
81 -1 
95 99 141 143 -1 
13 38 -1 
50 66 73 -1 
150 -1 
29 145 -1 
15 51 167 -1 
8 159 164 -1 
120 -1 
26 108 128 161 -1 
178 -1 
72 -1 
41 130 156 -1 
109 121 138 -1 
59 169 -1 
110 -1 
70 158 -1 
12 16 60 74 -1 
132 -1 
115 -1 
21 24 33 -1 
35 144 -1 
168 -1 
-1 
3 103 171 -1 
-1 
56 71 -1 
11 155 -1 
75 -1 
-1 
52 97 118 -1 
69 80 90 -1 
9 76 180 -1 
127 -1 
68 -1 
113 -1 
131 -1 
25 55 67 133 -1 
30 134 152 173 -1 
105 124 146 -1 
45 82 114 177 -1 
93 -1 
-1 
2 61 -1 
149 -1 
19 163 -1 
57 123 137 -1 
-1 
166 176 -1 
23 78 -1 
44 136 -1 
117 -1 
20 -1 
34 -1 
