68 180 1 34 
35 55 129 -1 
31 114 -1 
86 160 -1 
32 45 84 101 178 -1 
23 73 144 163 169 -1 
102 111 -1 
112 127 150 -1 
-1 
29 53 171 172 -1 
2 11 38 50 156 162 -1 
74 -1 
43 48 80 115 135 180 -1 
157 -1 
126 -1 
105 -1 
137 -1 
62 -1 
65 89 142 147 -1 
71 117 123 -1 
85 140 -1 
18 165 -1 
99 -1 
10 83 88 118 -1 
148 176 -1 
39 52 141 -1 
40 63 -1 
5 34 166 -1 
28 93 108 132 170 -1 
47 59 -1 
153 179 -1 
25 42 121 -1 
-1 
66 75 -1 
6 41 64 130 168 -1 
36 -1 
91 136 -1 
97 -1 
-1 
-1 
27 94 98 161 -1 
79 -1 
119 174 -1 
19 138 146 -1 
44 167 -1 
3 8 110 139 -1 
26 61 76 152 -1 
7 124 175 -1 
4 33 164 -1 
68 96 -1 
54 -1 
107 131 134 151 -1 
78 116 -1 
15 -1 
22 56 109 -1 
51 145 -1 
90 106 149 -1 
30 81 100 104 -1 
60 92 159 -1 
9 57 77 -1 
16 37 46 49 67 177 -1 
128 158 -1 
113 120 -1 
14 17 20 69 82 -1 
70 87 122 143 -1 
12 103 125 154 173 -1 
72 95 133 -1 
13 21 155 -1 
24 58 -1 
