64 180 1 32 
145 152 -1 
109 156 -1 
89 130 -1 
121 -1 
19 53 -1 
178 -1 
10 132 144 164 -1 
34 83 167 -1 
27 114 147 154 155 168 -1 
41 78 125 180 -1 
44 45 81 123 162 177 -1 
49 75 94 -1 
17 124 -1 
28 135 -1 
61 73 -1 
37 84 116 160 176 -1 
111 -1 
56 69 -1 
58 106 170 -1 
47 -1 
52 67 108 118 173 -1 
100 137 -1 
8 55 64 126 138 -1 
20 25 120 169 171 -1 
150 -1 
119 179 -1 
86 -1 
26 93 128 141 142 -1 
14 21 65 131 -1 
12 39 110 -1 
5 98 -1 
63 79 96 158 -1 
115 148 159 -1 
9 80 175 -1 
95 129 -1 
60 134 -1 
16 33 88 97 -1 
7 38 51 -1 
157 -1 
22 32 165 172 -1 
11 54 107 -1 
6 29 91 -1 
30 48 -1 
2 31 43 46 72 82 105 -1 
3 62 99 -1 
4 18 66 77 -1 
113 -1 
74 101 -1 
42 68 103 -1 
15 163 -1 
140 -1 
36 85 133 153 166 -1 
23 92 136 146 149 -1 
104 122 -1 
-1 
13 -1 
57 102 117 151 161 -1 
40 127 143 -1 
24 35 71 90 -1 
112 -1 
-1 
50 59 70 76 -1 
-1 
87 139 174 -1 
