70 180 1 33 
36 170 -1 
3 98 157 -1 
24 161 -1 
29 46 153 -1 
10 14 68 111 164 -1 
17 56 87 103 128 143 -1 
30 100 126 151 172 -1 
154 -1 
18 37 127 -1 
44 76 80 144 -1 
26 106 133 -1 
-1 
23 48 155 -1 
6 32 54 -1 
93 -1 
60 123 179 -1 
33 50 130 159 166 177 -1 
52 109 -1 
64 73 148 158 -1 
9 -1 
12 149 160 163 -1 
66 79 -1 
141 175 -1 
62 -1 
88 -1 
39 81 91 116 147 -1 
119 180 -1 
61 138 -1 
69 108 -1 
15 -1 
95 124 -1 
25 -1 
4 115 142 -1 
5 40 75 99 107 117 120 165 -1 
13 35 43 129 150 -1 
7 -1 
21 110 -1 
47 58 -1 
51 178 -1 
45 83 89 112 131 145 -1 
137 -1 
86 122 -1 
28 -1 
55 -1 
38 65 102 -1 
71 139 -1 
34 169 -1 
57 121 174 -1 
92 -1 
49 105 162 -1 
16 -1 
59 156 -1 
82 -1 
41 134 -1 
20 42 72 171 -1 
125 -1 
90 96 140 168 176 -1 
63 67 70 101 135 -1 
104 167 -1 
85 -1 
11 19 31 53 -1 
114 173 -1 
22 74 -1 
77 78 84 113 132 -1 
97 -1 
8 118 -1 
94 146 -1 
152 -1 
27 -1 
2 136 -1 
