36 180 1 18 
99 102 114 159 -1 
6 12 72 75 86 170 -1 
33 73 139 141 155 160 -1 
26 70 84 116 -1 
10 35 45 46 67 134 -1 
4 80 87 91 106 -1 
49 100 112 167 -1 
50 93 101 105 109 -1 
36 77 121 165 -1 
39 103 104 126 127 -1 
76 131 148 174 -1 
7 22 38 57 66 89 -1 
42 51 107 124 161 175 176 180 -1 
32 154 -1 
20 21 34 144 163 166 -1 
52 58 132 149 172 177 -1 
44 92 140 -1 
13 40 68 156 -1 
62 -1 
18 54 108 125 158 -1 
56 64 74 113 118 135 -1 
19 43 60 111 115 129 147 153 173 -1 
5 29 98 120 130 -1 
23 82 110 117 145 164 168 -1 
-1 
9 137 -1 
15 24 27 31 48 65 69 85 88 119 143 -1 
122 -1 
3 71 128 136 -1 
55 61 79 146 152 162 178 179 -1 
11 30 94 97 133 142 150 -1 
47 -1 
16 37 81 83 95 123 157 169 -1 
2 8 25 53 59 63 138 151 -1 
78 171 -1 
14 17 28 41 90 96 -1 
