100 180 1 50 
45 55 122 158 -1 
106 123 134 -1 
57 -1 
27 -1 
111 -1 
132 -1 
25 -1 
89 -1 
180 -1 
13 145 -1 
-1 
58 128 -1 
131 -1 
80 95 140 177 -1 
22 125 155 -1 
136 -1 
63 -1 
36 41 -1 
72 130 -1 
33 152 153 -1 
10 34 48 104 -1 
81 -1 
11 137 178 -1 
52 77 -1 
67 90 162 169 -1 
-1 
5 -1 
73 97 -1 
75 129 -1 
19 -1 
9 66 119 157 -1 
103 168 -1 
139 174 -1 
7 46 101 172 -1 
37 62 -1 
-1 
38 92 113 171 -1 
20 -1 
93 -1 
61 -1 
69 100 114 124 165 -1 
28 29 91 105 -1 
108 146 164 -1 
18 -1 
107 -1 
148 156 -1 
-1 
49 110 144 -1 
-1 
35 -1 
30 167 -1 
21 -1 
-1 
15 -1 
-1 
151 -1 
4 31 84 87 117 121 176 -1 
141 -1 
6 59 96 -1 
60 120 -1 
53 143 -1 
40 -1 
-1 
64 -1 
32 98 135 -1 
-1 
112 -1 
-1 
56 94 109 150 -1 
2 163 -1 
-1 
-1 
-1 
175 -1 
83 -1 
85 -1 
-1 
79 118 133 149 -1 
74 -1 
47 154 -1 
24 71 -1 
82 127 -1 
14 42 86 -1 
115 -1 
160 -1 
68 142 -1 
43 99 159 -1 
12 39 78 126 170 -1 
8 17 -1 
23 50 173 -1 
3 16 26 65 88 -1 
-1 
51 102 166 179 -1 
54 138 -1 
161 -1 
76 147 -1 
-1 
44 -1 
116 -1 
70 -1 
