50 365 1 24 
112 246 261 268 269 302 -1 
28 185 326 -1 
12 133 150 312 334 -1 
10 125 129 201 289 314 320 -1 
43 70 98 123 170 211 233 272 311 -1 
105 106 161 196 256 262 277 301 350 -1 
23 33 47 101 135 204 273 319 352 -1 
21 65 173 206 238 274 310 317 349 -1 
8 13 107 178 235 257 -1 
119 154 239 -1 
54 59 103 172 216 253 315 333 357 358 -1 
7 32 46 48 56 73 220 -1 
50 60 124 234 330 362 365 -1 
17 18 51 57 118 197 224 236 308 -1 
41 99 120 156 207 252 -1 
14 64 88 91 117 139 232 258 332 347 -1 
66 93 113 115 130 148 203 243 249 335 355 -1 
4 42 128 200 212 226 296 348 -1 
29 75 137 299 -1 
6 142 160 263 338 344 -1 
83 151 195 223 242 346 361 -1 
37 67 181 208 280 281 292 -1 
15 52 55 102 138 166 287 318 324 -1 
19 177 217 225 288 290 328 -1 
20 22 34 44 132 351 353 -1 
25 45 109 141 183 189 213 245 260 265 -1 
9 95 121 193 229 240 327 343 360 -1 
39 108 110 134 169 171 250 279 341 -1 
114 145 163 214 294 323 -1 
11 90 174 190 202 219 228 266 354 -1 
5 71 84 165 167 -1 
2 87 92 143 152 188 205 241 271 309 336 -1 
35 77 80 97 131 222 304 325 -1 
16 104 144 159 182 194 270 -1 
82 175 345 -1 
49 63 155 254 313 337 -1 
81 136 140 146 209 316 356 -1 
36 53 74 168 230 247 -1 
61 78 126 187 227 322 -1 
72 231 359 -1 
24 96 285 295 298 342 -1 
62 116 149 164 176 251 259 278 321 -1 
31 40 86 122 221 282 286 331 -1 
186 237 267 306 339 -1 
30 38 111 158 303 307 329 363 -1 
27 94 162 198 248 276 284 297 300 364 -1 
157 191 210 264 -1 
3 58 89 127 147 180 184 199 244 275 283 291 305 -1 
76 153 192 215 218 255 293 -1 
26 68 69 79 85 100 179 340 -1 
