1000 365 1 493 
-1 
-1 
214 259 300 -1 
-1 
-1 
35 -1 
335 -1 
-1 
-1 
-1 
-1 
-1 
-1 
-1 
-1 
68 -1 
-1 
-1 
272 -1 
39 -1 
112 -1 
-1 
126 -1 
-1 
-1 
235 -1 
-1 
-1 
-1 
-1 
-1 
-1 
-1 
-1 
-1 
79 256 -1 
-1 
-1 
-1 
231 -1 
-1 
-1 
-1 
36 178 -1 
-1 
-1 
-1 
-1 
148 348 -1 
-1 
-1 
92 175 -1 
-1 
102 -1 
258 -1 
-1 
-1 
-1 
-1 
-1 
-1 
-1 
88 -1 
-1 
-1 
-1 
57 -1 
-1 
-1 
232 -1 
-1 
-1 
-1 
-1 
-1 
-1 
-1 
-1 
-1 
-1 
-1 
302 -1 
-1 
288 -1 
-1 
-1 
-1 
-1 
-1 
101 156 -1 
218 -1 
233 -1 
-1 
-1 
-1 
-1 
-1 
-1 
-1 
-1 
-1 
-1 
-1 
-1 
75 193 -1 
27 -1 
191 -1 
-1 
-1 
-1 
321 -1 
-1 
-1 
-1 
-1 
-1 
-1 
-1 
-1 
83 337 -1 
-1 
-1 
109 -1 
285 294 -1 
-1 
-1 
-1 
365 -1 
-1 
-1 
-1 
-1 
-1 
-1 
-1 
-1 
-1 
-1 
-1 
-1 
-1 
-1 
-1 
-1 
124 -1 
-1 
32 195 196 197 -1 
-1 
327 -1 
-1 
-1 
-1 
-1 
-1 
209 -1 
77 98 -1 
30 293 -1 
-1 
-1 
-1 
-1 
-1 
-1 
-1 
334 -1 
-1 
-1 
-1 
49 147 210 -1 
-1 
295 -1 
223 -1 
-1 
-1 
38 -1 
-1 
239 -1 
316 -1 
-1 
117 230 -1 
31 -1 
262 -1 
-1 
67 173 275 -1 
-1 
-1 
-1 
-1 
-1 
291 -1 
-1 
84 -1 
-1 
-1 
-1 
-1 
362 -1 
219 -1 
-1 
19 -1 
73 -1 
-1 
-1 
-1 
-1 
-1 
56 -1 
-1 
-1 
-1 
-1 
330 -1 
-1 
9 -1 
-1 
-1 
184 -1 
-1 
251 -1 
-1 
282 -1 
341 353 -1 
-1 
-1 
-1 
349 -1 
277 -1 
-1 
-1 
-1 
-1 
-1 
-1 
-1 
225 268 358 -1 
322 -1 
227 347 -1 
151 -1 
-1 
-1 
238 -1 
-1 
-1 
-1 
-1 
-1 
37 149 318 338 -1 
-1 
-1 
81 111 -1 
-1 
65 -1 
-1 
-1 
-1 
-1 
-1 
-1 
-1 
-1 
150 -1 
-1 
153 -1 
-1 
-1 
-1 
-1 
-1 
-1 
-1 
-1 
-1 
190 -1 
25 -1 
-1 
-1 
-1 
-1 
-1 
-1 
133 343 -1 
6 -1 
-1 
-1 
-1 
315 -1 
-1 
-1 
22 -1 
-1 
157 -1 
-1 
-1 
-1 
104 -1 
-1 
-1 
-1 
-1 
-1 
66 -1 
63 -1 
54 125 -1 
-1 
-1 
-1 
-1 
-1 
248 -1 
-1 
-1 
-1 
17 -1 
-1 
-1 
-1 
-1 
-1 
-1 
-1 
5 130 -1 
-1 
-1 
-1 
-1 
234 -1 
-1 
-1 
-1 
60 -1 
-1 
-1 
-1 
-1 
228 -1 
-1 
-1 
-1 
-1 
189 -1 
-1 
-1 
-1 
-1 
-1 
-1 
12 -1 
-1 
41 -1 
-1 
-1 
-1 
354 -1 
-1 
64 204 -1 
-1 
-1 
363 -1 
-1 
-1 
166 -1 
-1 
127 -1 
-1 
-1 
71 -1 
329 -1 
106 -1 
-1 
236 -1 
-1 
105 -1 
325 -1 
-1 
-1 
-1 
-1 
-1 
-1 
240 -1 
-1 
-1 
-1 
52 142 -1 
-1 
-1 
-1 
-1 
-1 
46 -1 
70 -1 
-1 
278 -1 
-1 
-1 
-1 
-1 
-1 
-1 
58 -1 
-1 
-1 
7 309 -1 
-1 
-1 
-1 
20 -1 
331 -1 
-1 
143 -1 
-1 
-1 
-1 
-1 
185 -1 
-1 
47 -1 
345 -1 
21 255 351 -1 
-1 
-1 
-1 
-1 
33 48 169 -1 
-1 
134 -1 
107 -1 
13 114 -1 
-1 
-1 
141 174 -1 
-1 
-1 
-1 
-1 
-1 
-1 
311 -1 
-1 
-1 
-1 
-1 
-1 
339 -1 
-1 
-1 
-1 
115 -1 
289 -1 
-1 
-1 
177 -1 
10 -1 
299 -1 
95 -1 
261 -1 
140 -1 
-1 
-1 
-1 
-1 
305 -1 
-1 
332 -1 
-1 
78 -1 
276 -1 
-1 
-1 
-1 
-1 
-1 
-1 
-1 
-1 
-1 
-1 
-1 
-1 
-1 
-1 
-1 
93 -1 
-1 
-1 
-1 
100 -1 
270 -1 
-1 
-1 
-1 
342 -1 
-1 
128 -1 
108 118 -1 
-1 
-1 
252 266 -1 
-1 
-1 
208 249 -1 
241 -1 
29 -1 
120 -1 
-1 
-1 
59 62 -1 
198 -1 
91 -1 
-1 
-1 
-1 
-1 
-1 
-1 
-1 
-1 
-1 
-1 
200 -1 
-1 
-1 
-1 
-1 
-1 
-1 
-1 
-1 
-1 
-1 
-1 
-1 
161 -1 
-1 
-1 
-1 
121 -1 
-1 
-1 
-1 
-1 
-1 
-1 
-1 
-1 
-1 
-1 
-1 
-1 
-1 
308 -1 
-1 
180 -1 
45 273 297 -1 
324 -1 
-1 
-1 
164 -1 
-1 
-1 
96 -1 
-1 
-1 
-1 
-1 
-1 
129 -1 
89 -1 
-1 
-1 
-1 
-1 
212 -1 
-1 
-1 
-1 
-1 
246 -1 
-1 
-1 
205 -1 
222 -1 
-1 
-1 
192 -1 
280 -1 
43 -1 
-1 
-1 
152 -1 
-1 
74 167 -1 
-1 
-1 
87 -1 
-1 
69 -1 
-1 
113 -1 
-1 
211 -1 
-1 
-1 
-1 
-1 
-1 
314 -1 
-1 
4 360 -1 
-1 
-1 
-1 
-1 
-1 
-1 
162 -1 
-1 
168 -1 
356 -1 
144 -1 
-1 
-1 
-1 
-1 
306 -1 
-1 
146 155 340 -1 
274 -1 
-1 
-1 
26 -1 
-1 
303 -1 
131 203 279 -1 
138 -1 
216 -1 
14 -1 
-1 
-1 
-1 
-1 
-1 
-1 
-1 
-1 
-1 
-1 
-1 
-1 
-1 
260 -1 
-1 
-1 
-1 
-1 
269 -1 
-1 
171 -1 
-1 
154 242 -1 
-1 
-1 
-1 
-1 
215 250 -1 
119 186 364 -1 
-1 
-1 
-1 
-1 
-1 
-1 
23 188 -1 
-1 
-1 
-1 
-1 
123 -1 
-1 
-1 
199 -1 
-1 
-1 
-1 
-1 
-1 
-1 
-1 
-1 
-1 
344 359 -1 
-1 
-1 
-1 
-1 
-1 
244 -1 
-1 
-1 
-1 
264 -1 
16 -1 
90 -1 
-1 
-1 
-1 
181 -1 
-1 
-1 
-1 
-1 
-1 
-1 
-1 
-1 
-1 
320 -1 
-1 
-1 
286 -1 
132 -1 
-1 
-1 
-1 
-1 
-1 
-1 
237 -1 
-1 
28 -1 
-1 
-1 
-1 
182 -1 
-1 
-1 
-1 
290 -1 
267 -1 
-1 
-1 
-1 
97 -1 
-1 
-1 
82 -1 
-1 
-1 
179 -1 
-1 
-1 
135 -1 
187 -1 
271 -1 
201 221 -1 
263 -1 
-1 
-1 
18 -1 
55 -1 
-1 
-1 
-1 
-1 
-1 
-1 
-1 
163 -1 
284 301 -1 
-1 
34 -1 
-1 
-1 
-1 
-1 
-1 
-1 
183 -1 
165 -1 
-1 
226 -1 
-1 
-1 
-1 
-1 
-1 
-1 
-1 
229 -1 
-1 
323 -1 
-1 
-1 
-1 
-1 
-1 
-1 
-1 
346 -1 
170 -1 
-1 
-1 
-1 
-1 
137 -1 
-1 
-1 
357 -1 
72 -1 
194 -1 
-1 
-1 
3 -1 
-1 
-1 
-1 
292 -1 
-1 
-1 
-1 
-1 
-1 
-1 
-1 
-1 
-1 
-1 
11 -1 
-1 
-1 
287 -1 
-1 
40 -1 
-1 
-1 
61 -1 
-1 
159 -1 
103 -1 
265 -1 
-1 
202 -1 
-1 
-1 
243 -1 
-1 
-1 
283 -1 
-1 
-1 
116 247 313 -1 
-1 
-1 
-1 
-1 
136 213 -1 
-1 
-1 
94 -1 
-1 
-1 
-1 
139 -1 
-1 
2 -1 
-1 
53 -1 
-1 
-1 
-1 
-1 
-1 
-1 
-1 
361 -1 
-1 
-1 
-1 
-1 
317 -1 
-1 
-1 
-1 
224 -1 
176 -1 
-1 
-1 
257 -1 
-1 
312 -1 
336 -1 
-1 
-1 
-1 
-1 
-1 
51 -1 
-1 
352 -1 
-1 
-1 
-1 
-1 
253 -1 
-1 
-1 
80 -1 
76 -1 
-1 
-1 
-1 
333 -1 
-1 
-1 
-1 
-1 
319 -1 
-1 
-1 
-1 
-1 
-1 
-1 
50 172 -1 
207 -1 
-1 
-1 
110 220 326 -1 
15 -1 
42 -1 
307 -1 
-1 
86 -1 
99 -1 
-1 
355 -1 
-1 
-1 
310 -1 
-1 
245 298 -1 
-1 
-1 
-1 
-1 
-1 
206 -1 
-1 
-1 
85 145 -1 
8 281 -1 
-1 
-1 
-1 
-1 
217 -1 
-1 
-1 
-1 
-1 
-1 
-1 
-1 
-1 
-1 
254 -1 
-1 
-1 
44 -1 
350 -1 
-1 
-1 
-1 
-1 
-1 
122 -1 
-1 
-1 
-1 
304 -1 
-1 
-1 
24 -1 
-1 
-1 
-1 
-1 
-1 
-1 
-1 
-1 
328 -1 
160 -1 
-1 
-1 
296 -1 
-1 
-1 
158 -1 
-1 
